1173
1173
1173
1173
1173
1173
1173
1173
1173
1173
1173
1173
1173
1173
1173
1173
1173
1173
1173
1173
1173
1173
1173
1173
1173
1173
1173
1173
1173
1173
1173
1173
1173
1173
1173
1173
1173
1173
1173
1173
1173
1173
1135
1183
1192
1116
1172
1185
1141
1113
1121
1182
1146
1122
1162
1029
1026
1116
1182
1211
1213
1028
1185
1151
1122
1125
1116
1038
1031
1125
1116
1172
1158
1039
1044
1158
1174
1188
1025
1213
1016
1113
1222
1173
1213
1032
1163
1162
1131
1223
1108
1171
1112
1165
1151
1148
1113
1183
1194
1039
1162
1183
1214
1116
1188
1173
1183
1054
1106
1171
1225
1162
1183
1188
1116
1016
1151
1013
1172
1163
1205
1237
1116
1165
1163
1031
1081
1172
1106
1025
1132
1117
1054
1154
1204
1221
1162
1102
1161
1116
1122
1148
1171
1214
1048
1213
1031
1172
1037
1077
1039
1192
1029
1125
1076
1183
1194
1205
1044
1204
1171
1116
1239
1171
1119
1164
1142
1172
1222
1201
1021
1202
1223
1037
1135
1047
1031
1188
1121
1172
1117
1108
1165
1119
1163
1171
1171
1223
1094
1112
1031
1165
1225
1024
1045
1014
1162
1171
1221
1044
1045
1016
1154
1112
1151
1031
1028
1051
1134
1033
1083
1031
1158
1011
1152
1174
1237
1013
1188
1028
1039
1043
1062
1162
1205
1212
1223
1193
1022
1039
1029
1047
1051
1165
1174
1188
1191
1214
1221
1239
1031
1029
1163
1184
1162
1221
1224
1165
1011
1171
1224
1238
1052
1172
1173
1031
1037
1224
1224
1037
1138
1182
1121
1222
1133
1171
1222
1108
1039
1112
1213
1038
1172
1223
1107
1028
1039
1161
1183
1215
1222
1174
1222
1191
1138
1022
1038
1185
1213
1237
1075
1039
1112
1173
1223
1097
1105
1223
1181
1162
1164
1211
1205
1146
1028
1045
1224
1165
1201
1213
1028
1039
1047
1152
1162
1183
1191
1201
1222
1045
1054
1193
1202
1154
1161
1084
1183
1222
1162
1164
1026
1025
1131
1224
1183
1163
1161
1119
1153
1202
1145
1165
1084
1029
1222
1113
1205
1188
1044
1213
1148
1039
1141
1223
1118
1029
1063
1155
1039
1027
1174
1184
1204
1046
1024
1173
1118
1093
1027
1112
1118
1185
1154
1174
1083
1205
1183
1173
1055
1055
1147
1094
1118
1223
1039
1107
1163
1115
1151
1118
1026
1182
1022
1222
1222
1182
1136
1123
1117
1182
1182
1116
1054
1158
1115
1221
1213
1148
1224
1154
1171
1214
1163
1188
1225
1164
1205
1108
1107
1152
1112
1214
1112
1224
1171
1112
1222
1117
1074
1223
1173
1039
1164
1116
1165
1039
1052
1073
1181
1097
1041
1224
1131
1221
1201
1025
1171
1149
1039
1047
1174
1181
1192
1221
1165
1022
1163
1037
1163
1106
1181
1162
1185
1204
1222
1172
1126
1149
1151
1172
1185
1191
1181
1171
1107
1056
1185
1047
1054
1152
1174
1205
1211
1224
1029
1165
1173
1148
1089
1015
1039
1047
1151
1161
1174
1225
1239
1164
1171
1025
1086
1108
1121
1116
1141
1121
1105
1039
1126
1149
1165
1045
1052
1171
1112
1126
1022
1202
1164
1038
1173
1039
1237
1162
1181
1163
1088
1188
1174
1044
1184
1214
1221
1173
1112
1107
1039
1047
1151
1174
1184
1193
1202
1163
1027
1222
1224
1138
1221
1046
1068
1185
1194
1119
1033
1186
1115
1164
1188
1147
1151
1165
1225
1164
1089
1095
1016
1121
1038
1028
1039
1042
1161
1192
1239
1154
1188
1043
1118
1185
1222
1213
1182
1035
1016
1138
1025
1222
1084
1171
1045
1038
1045
1111
1172
1094
1087
1191
1039
1174
1184
1204
1186
1212
1172
1133
1202
1183
1034
1182
1194
1202
1183
1162
1222
1146
1184
1038
1204
1188
1028
1153
1191
1212
1116
1044
1081
1181
1154
1158
1162
1223
1092
1149
1111
1185
1107
1055
1119
1112
1185
1221
1122
1089
1203
1112
1029
1147
1039
1046
1165
1089
1037
1039
1043
1153
1188
1193
1204
1222
1174
1174
1112
1112
1163
1112
1116
1112
1171
1138
1112
1027
1185
1104
1213
1151
1106
1022
1117
1039
1119
1031
1021
1188
1115
1182
1171
1037
1106
1172
1221
1083
1037
1094
1213
1112
1014
1105
1148
1148
1023
1046
1201
1237
1112
1112
1193
1119
1132
1023
1163
1112
1185
1031
1222
1119
1025
1213
1237
1182
1148
1146
1112
1163
1183
1204
1171
1106
1037
1173
1037
1119
1223
1182
1221
1171
1112
1038
1134
1183
1192
1224
1029
1171
1118
1221
1171
1108
1182
1173
1117
1149
1029
1021
1171
1048
1048
1173
1098
1213
1163
1126
1028
1174
1182
1194
1202
1046
1212
1223
1202
1188
1047
1088
1163
1087
1045
1173
1046
1225
1212
1024
1137
1223
1028
1039
1223
1029
1012
1164
1173
1114
1155
1183
1204
1029
1174
1164
1223
1033
1033
1222
1188
1025
1171
1149
1188
1028
1116
1124
1225
1105
1164
1037
1125
1162
1211
1165
1164
1028
1112
1146
1045
1162
1164
1112
1223
1146
1224
1025
1131
1188
1213
1213
1147
1164
1164
1087
1025
1112
1026
1116
1116
1194
1037
1037
1145
1223
1041
1165
1222
1039
1122
1183
1171
1171
1155
1116
1154
1213
1151
1142
1116
1039
1025
1185
1202
1162
1031
1221
1132
1134
1146
1077
1203
1221
1043
1185
1016
1222
1213
1027
1181
1112
1183
1171
1135
1222
1186
1112
1138
1212
1025
1173
1138
1122
1036
1223
1222
1239
1171
1165
1112
1181
1222
1171
1098
1194
1037
1173
1165
1164
1212
1173
1171
1025
1085
1185
1223
1141
1143
1183
1033
1112
1214
1023
1029
1138
1078
1213
1162
1025
1221
1162
1038
1174
1031
1144
1182
1048
1221
1215
1113
1183
1025
1021
1238
1173
1174
1203
1118
1033
1031
1118
1025
1048
1048
1182
1111
1194
1101
1161
1193
1214
1221
1238
1037
1155
1112
1164
1037
1106
1164
1213
1165
1223
1221
1213
1162
1121
1139
1239
1164
1086
1213
1151
1239
1115
1164
1213
1028
1046
1081
1152
1174
1188
1193
1204
1222
1141
1188
1202
1151
1173
1223
1044
1103
1015
1213
1031
1029
1139
1183
1171
1121
1095
1112
1181
1022
1162
1204
1119
1213
1173
1121
1154
1224
1162
1211
1211
1044
1223
1119
1188
1038
1183
1182
1182
1105
1151
1162
1213
1224
1108
1131
1118
1116
1029
1221
1225
1162
1164
1162
1056
1164
1192
1053
1016
1171
1039
1171
1163
1147
1039
1044
1093
1194
1183
1212
1138
1138
1151
1222
1116
1223
1223
1172
1182
1171
1158
1188
1061
1071
1162
1174
1188
1224
1046
1154
1029
1095
1223
1086
1185
1138
1238
1023
1181
1023
1213
1014
1155
1023
1181
1163
1113
1185
1039
1153
1028
1052
1188
1193
1215
1224
1112
1171
1202
1222
1164
1174
1147
1024
1239
1162
1089
1172
1182
1211
1062
1239
1028
1071
1181
1165
1172
1224
1021
1213
1028
1104
1107
1036
1016
1172
1124
1084
1126
1183
1193
1035
1172
1116
1028
1182
1183
1098
1041
1066
1154
1022
1171
1182
1202
1134
1173
1163
1222
1211
1224
1223
1016
1162
1172
1173
1125
1031
1113
1213
1112
1038
1162
1222
1135
1224
1103
1165
1165
1089
1029
1026
1137
1101
1041
1061
1221
1238
1031
1174
1038
1086
1185
1124
1104
1074
1066
1126
1131
1081
1108
1154
1173
1212
1106
1118
1174
1222
1108
1039
1238
1038
1015
1222
1149
1221
1172
1106
1037
1051
1142
1031
1028
1038
1174
1188
1163
1013
1106
1172
1117
1133
1182
1201
1224
1182
1182
1097
1172
1158
1031
1089
1131
1181
1224
1029
1056
1185
1201
1215
1221
1225
1048
1225
1239
1171
1138
1134
1116
1029
1225
1038
1171
1239
1115
1171
1171
1038
1039
1164
1142
1163
1113
1171
1222
1182
1172
1188
1213
1173
1173
1173
1173
1038
1029
1184
1222
1111
1144
1163
1091
1188
1238
1038
1113
1045
1163
1143
1029
1089
1105
1183
1192
1211
1029
1118
1239
1223
1029
1029
1145
1203
1171
1163
1145
1165
1031
1202
1102
1221
1151
1163
1171
1222
1171
1067
1153
1174
1181
1191
1203
1221
1046
1112
1038
1237
1204
1046
1161
1225
1221
1184
1211
1213
1098
1037
1032
1202
1212
1225
1172
1213
1173
1225
1202
1174
1203
1223
1171
1223
1157
1174
1174
1162
1188
1106
1037
1174
1116
1172
1161
1092
1165
1184
1201
1046
1213
1026
1044
1096
1027
1158
1117
1213
1164
1173
1183
1204
1161
1107
1026
1238
1028
1034
1181
1151
1037
1119
1038
1182
1223
1114
1171
1173
1188
1184
1106
1213
1162
1164
1239
1112
1036
1213
1165
1044
1024
1172
1106
1224
1038
1038
1165
1225
1214
1162
1213
1112
1223
1114
1194
1044
1108
1213
1213
1162
1201
1147
1025
1131
1029
1239
1048
1055
1221
1138
1037
1048
1212
1103
1165
1048
1165
1165
1165
1163
1202
1165
1211
1202
1237
1112
1165
1213
1013
1106
1171
1184
1225
1158
1084
1194
1213
1182
1183
1097
1116
1097
1052
1222
1097
1037
1037
1112
1163
1171
1221
1053
1028
1097
1021
1029
1025
1029
1037
1027
1222
1162
1163
1145
1125
1136
1188
1044
1222
1171
1174
1173
1148
1239
1116
1151
1164
1142
1112
1202
1016
1211
1213
1224
1164
1024
1044
1036
1024
1016
1028
1188
1223
1223
1223
1222
1026
1091
1162
1184
1203
1222
1053
1151
1037
1162
1107
1087
1039
1125
1204
1013
1185
1194
1139
1119
1181
1015
1116
1141
1182
1202
1131
1163
1173
1182
1037
1044
1173
1239
1039
1107
1182
1202
1213
1013
1238
1125
1119
1182
1107
1033
1037
1037
1184
1221
1116
1037
1139
1239
1116
1185
1024
1097
1162
1037
1115
1173
1038
1172
1014
1164
1163
1032
1225
1171
1173
1097
1183
1191
1138
1214
1222
1044
1183
1192
1211
1118
1015
1149
1185
1171
1101
1039
1098
1174
1026
1164
1021
1131
1046
1082
1214
1165
1121
1163
1171
1028
1224
1022
1214
1171
1047
1185
1097
1213
1222
1112
1173
1173
1038
1213
1164
1144
1147
1162
1124
1213
1119
1223
1039
1173
1224
1183
1183
1225
1213
1083
1108
1213
1102
1171
1044
1238
1145
1222
1171
1089
1095
1164
1203
1026
1154
1165
1182
1117
1043
1138
1222
1182
1214
1036
1052
1182
1221
1117
1126
1016
1224
1163
1152
1125
1163
1028
1048
1117
1093
1027
1182
1044
1133
1183
1224
1029
1026
1163
1039
1044
1076
1182
1212
1194
1163
1047
1222
1044
1183
1193
1054
1164
1095
1172
1028
1039
1211
1031
1081
1171
1124
1173
1042
1032
1192
1016
1107
1224
1029
1048
1037
1164
1101
1116
1211
1106
1028
1121
1223
1028
1171
1183
1171
1238
1163
1119
1136
1158
1221
1213
1222
1052
1147
1164
1028
1188
1213
1038
1165
1192
1203
1223
1221
1165
1134
1183
1125
1015
1031
1125
1037
1133
1036
1122
1028
1203
1213
1174
1192
1025
1213
1239
1118
1171
1238
1222
1163
1213
1163
1183
1186
1194
1172
1171
1141
1164
1184
1037
1139
1185
1223
1171
1185
1131
1093
1172
1112
1221
1224
1222
1171
1171
1173
1095
1108
1172
1108
1106
1123
1163
1151
1031
1039
1182
1183
1112
1108
1163
1112
1163
1103
1026
1163
1023
1144
1106
1108
1158
1142
1038
1116
1221
1223
1238
1116
1163
1032
1038
1222
1171
1211
1224
1026
1182
1173
1173
1213
1173
1173
1119
1173
1044
1146
1142
1037
1029
1126
1112
1122
1037
1106
1112
1171
1116
1028
1213
1173
1213
1182
1171
1163
1132
1101
1188
1037
1223
1172
1029
1028
1038
1188
1221
1125
1113
1089
1151
1012
1151
1222
1039
1103
1165
1182
1161
1029
1085
1173
1139
1225
1039
1222
1165
1125
1125
1013
1039
1152
1014
1139
1173
1221
1107
1031
1048
1222
1185
1121
1122
1221
1095
1033
1138
1238
1224
1065
1213
1112
1183
1106
1039
1011
1039
1223
1212
1223
1239
1221
1182
1225
1162
1194
1191
1238
1149
1108
1162
1223
1162
1165
1121
1022
1223
1223
1173
1033
1223
1106
1225
1026
1037
1118
1113
1023
1212
1116
1026
1048
1201
1016
1028
1213
1051
1239
1172
1183
1194
1205
1213
1162
1182
1222
1033
1194
1029
1151
1213
1074
1162
1184
1225
1021
1161
1165
1106
1118
1172
1112
1172
1221
1029
1188
1173
1106
1202
1015
1201
1039
1117
1181
1056
1105
1163
1238
1239
1026
1037
1061
1038
1038
1171
1038
1221
1038
1118
1116
1222
1026
1188
1038
1038
1037
1112
1021
1222
1147
1172
1165
1031
1172
1172
1027
1214
1184
1184
1053
1097
1051
1116
1038
1112
1033
1112
1078
1126
1136
1112
1031
1164
1141
1106
1221
1172
1026
1028
1037
1095
1033
1041
1115
1118
1165
1029
1182
1039
1213
1238
1221
1116
1029
1205
1121
1173
1082
1213
1163
1039
1054
1238
1163
1171
1118
1141
1136
1222
1075
1183
1103
1113
1213
1039
1126
1221
1081
1161
1239
1237
1029
1238
1048
1118
1118
1029
1028
1038
1205
1225
1097
1185
1085
1222
1213
1213
1107
1044
1039
1106
1027
1142
1174
1151
1112
1171
1181
1222
1112
1213
1211
1092
1102
1121
1222
1237
1039
1134
1155
1183
1192
1221
1029
1185
1225
1213
1015
1213
1039
1152
1161
1174
1225
1239
1028
1188
1181
1223
1165
1205
1223
1091
1116
1074
1165
1185
1222
1147
1074
1213
1223
1158
1173
1173
1172
1224
1038
1183
1222
1213
1113
1145
1222
1143
1091
1181
1172
1037
1224
1039
1185
1193
1204
1046
1118
1161
1112
1172
1122
1188
1161
1173
1188
1172
1224
1172
1224
1165
1181
1115
1143
1047
1083
1183
1188
1162
1203
1037
1147
1225
1028
1093
1165
1172
1116
1106
1119
1031
1116
1048
1186
1095
1044
1194
1039
1151
1225
1211
1182
1133
1141
1183
1194
1202
1222
1155
1056
1205
1029
1047
1181
1193
1171
1021
1162
1031
1165
1165
1237
1201
1142
1171
1223
1121
1225
1011
1038
1161
1223
1162
1078
1188
1203
1165
1147
1213
1039
1215
1172
1224
1155
1172
1224
1171
1146
1044
1188
1221
1239
1138
1182
1047
1134
1203
1239
1121
1028
1158
1048
1028
1121
1188
1172
1172
1172
1163
1172
1172
1172
1113
1172
1221
1145
1162
1147
1083
1194
1213
1185
1188
1112
1107
1213
1221
1044
1185
1028
1222
1011
1112
1131
1037
1239
1039
1163
1172
1141
1173
1076
1221
1028
1039
1042
1066
1153
1174
1211
1183
1223
1158
1037
1039
1046
1077
1174
1181
1191
1221
1038
1084
1161
1184
1222
1039
1042
1051
1158
1205
1212
1222
1025
1164
1037
1108
1213
1106
1039
1188
1152
1026
1044
1039
1095
1116
1214
1172
1027
1143
1037
1106
1039
1192
1142
1223
1027
1132
1028
1031
1148
1015
1151
1162
1138
1225
1141
1173
1037
1037
1148
1238
1188
1141
1221
1061
1165
1124
1188
1203
1054
1171
1171
1044
1172
1141
1116
1183
1089
1221
1044
1131
1116
1239
1038
1112
1037
1188
1027
1114
1151
1119
1031
1141
1173
1028
1112
1221
1163
1141
1037
1192
1221
1211
1123
1024
1188
1112
1223
1022
1214
1117
1215
1239
1182
1173
1118
1029
1223
1011
1116
1025
1182
1026
1222
1039
1086
1211
1118
1204
1122
1131
1163
1155
1116
1014
1116
1028
1225
1223
1112
1138
1183
1194
1067
1116
1239
1238
1165
1053
1029
1133
1183
1213
1221
1025
1139
1163
1121
1184
1194
1221
1125
1222
1222
1028
1194
1142
1162
1212
1225
1134
1225
1225
1173
1194
1173
1173
1185
1033
1116
1113
1112
1223
1163
1222
1191
1188
1174
1044
1163
1221
1045
1137
1165
1181
1194
1201
1215
1162
1025
1033
1155
1214
1155
1028
1075
1152
1191
1202
1222
1038
1172
1213
1173
1034
1171
1053
1116
1029
1131
1221
1223
1223
1182
1037
1171
1104
1112
1152
1107
1181
1026
1138
1223
1239
1194
1024
1149
1188
1039
1103
1114
1162
1042
1151
1044
1181
1056
1124
1097
1111
1201
1222
1116
1223
1188
1162
1171
1113
1161
1141
1028
1081
1192
1174
1053
1029
1103
1164
1103
1202
1035
1135
1171
1147
1029
1172
1028
1188
1013
1212
1222
1221
1163
1112
1211
1171
1237
1073
1222
1239
1174
1028
1174
1213
1112
1112
1021
1158
1185
1204
1118
1162
1212
1221
1171
1029
1131
1164
1188
1182
1112
1031
1183
1033
1115
1173
1222
1028
1182
1173
1182
1183
1163
1118
1182
1184
1163
1213
1052
1125
1121
1044
1212
1025
1031
1028
1119
1039
1039
1046
1092
1152
1203
1214
1222
1029
1161
1181
1042
1027
1126
1037
1142
1053
1223
1112
1112
1222
1105
1173
1213
1077
1214
1028
1182
1101
1116
1037
1037
1037
1239
1222
1171
1044
1082
1152
1174
1188
1222
1081
1028
1103
1135
1163
1225
1097
1172
1104
1238
1037
1237
1036
1112
1222
1116
1116
1185
1172
1112
1188
1112
1152
1171
1188
1154
1024
1125
1046
1054
1152
1184
1202
1181
1225
1038
1041
1174
1183
1194
1211
1081
1085
1106
1082
1173
1162
1163
1223
1116
1038
1171
1046
1134
1174
1193
1214
1046
1154
1181
1045
1046
1072
1205
1223
1158
1239
1126
1063
1203
1092
1161
1204
1046
1221
1116
1174
1106
1163
1164
1194
1221
1016
1119
1221
1214
1116
1028
1182
1173
1163
1028
1155
1181
1194
1204
1039
1102
1225
1023
1031
1131
1183
1204
1162
1023
1193
1222
1141
1112
1095
1044
1183
1112
1213
1116
1025
1029
1156
1222
1139
1164
1213
1037
1112
1149
1172
1097
1183
1205
1029
1108
1108
1012
1213
1225
1161
1213
1203
1165
1048
1145
1037
1183
1101
1039
1171
1213
1046
1181
1191
1222
1012
1225
1041
1151
1028
1039
1053
1161
1221
1202
1086
1124
1048
1183
1173
1221
1164
1037
1108
1238
1115
1108
1054
1151
1028
1223
1238
1038
1223
1118
1222
1185
1162
1103
1038
1085
1029
1118
1021
1158
1171
1028
1213
1183
1113
1213
1028
1039
1041
1085
1174
1188
1202
1214
1221
1033
1224
1121
1223
1188
1164
1221
1238
1114
1193
1163
1112
1037
1239
1089
1213
1188
1116
1183
1012
1213
1224
1028
1171
1182
1028
1038
1048
1117
1213
1173
1171
1032
1221
1214
1213
1037
1192
1037
1163
1144
1221
1163
1106
1171
1238
1172
1205
1222
1222
1213
1223
1162
1224
1108
1213
1149
1224
1204
1028
1173
1163
1239
1239
1037
1223
1203
1093
1029
1092
1201
1151
1028
1222
1183
1025
1161
1132
1171
1172
1142
1213
1186
1214
1088
1183
1111
1037
1116
1184
1171
1131
1152
1164
1121
1028
1202
1025
1081
1205
1192
1046
1116
1012
1224
1183
1025
1185
1185
1039
1151
1021
1223
1024
1174
1029
1121
1031
1026
1182
1097
1237
1073
1171
1174
1029
1047
1047
1037
1041
1095
1106
1163
1033
1213
1171
1111
1046
1162
1188
1214
1222
1171
1185
1203
1037
1165
1164
1182
1048
1163
1033
1202
1105
1214
1222
1029
1013
1183
1225
1163
1238
1047
1037
1106
1112
1213
1014
1188
1171
1174
1145
1164
1238
1239
1164
1112
1112
1112
1172
1164
1165
1182
1041
1172
1138
1185
1204
1113
1239
1104
1065
1173
1046
1213
1188
1033
1221
1029
1119
1165
1238
1162
1163
1157
1112
1106
1031
1081
1221
1237
1028
1039
1155
1183
1191
1201
1224
1193
1202
1046
1152
1142
1125
1171
1028
1107
1062
1108
1164
1148
1096
1238
1188
1201
1171
1184
1097
1188
1151
1082
1223
1031
1112
1026
1221
1171
1165
1028
1037
1174
1112
1165
1183
1194
1204
1022
1222
1023
1223
1124
1183
1224
1121
1223
1038
1102
1183
1201
1213
1097
1164
1174
1171
1238
1028
1094
1204
1213
1222
1237
1031
1163
1149
1163
1163
1141
1083
1027
1124
1213
1029
1016
1238
1172
1184
1155
1025
1238
1163
1214
1098
1164
1022
1164
1012
1172
1087
1224
1083
1139
1163
1185
1213
1221
1118
1093
1043
1239
1039
1185
1202
1083
1221
1026
1046
1066
1014
1238
1087
1084
1147
1106
1165
1163
1185
1202
1046
1212
1222
1158
1165
1031
1134
1117
1041
1112
1171
1024
1043
1023
1164
1163
1238
1238
1173
1171
1185
1222
1086
1188
1023
1039
1151
1026
1087
1044
1172
1152
1031
1046
1158
1161
1192
1214
1221
1181
1025
1119
1194
1182
1112
1044
1118
1041
1039
1214
1015
1222
1211
1224
1221
1029
1086
1221
1116
1037
1164
1174
1053
1152
1212
1221
1193
1213
1106
1172
1114
1163
1025
1147
1119
1037
1239
1118
1222
1165
1022
1212
1107
1213
1116
1181
1105
1118
1011
1106
1028
1147
1031
1183
1193
1048
1182
1141
1213
1161
1025
1221
1224
1224
1173
1211
1194
1185
1173
1162
1222
1185
1162
1118
1225
1078
1182
1125
1103
1126
1023
1192
1223
1162
1039
1039
1028
1039
1085
1161
1203
1224
1028
1221
1224
1095
1055
1011
1085
1223
1213
1116
1028
1039
1122
1185
1212
1224
1237
1173
1173
1048
1182
1202
1214
1223
1172
1212
1174
1192
1205
1214
1155
1094
1121
1205
1121
1221
1163
1239
1163
1163
1161
1172
1028
1165
1213
1224
1163
1012
1033
1213
1093
1152
1203
1211
1162
1181
1191
1224
1125
1182
1213
1107
1162
1025
1213
1222
1023
1037
1238
1213
1238
1138
1039
1185
1027
1213
1037
1103
1112
1038
1223
1214
1223
1183
1029
1171
1106
1213
1174
1038
1151
1116
1108
1173
1037
1118
1222
1131
1118
1155
1112
1162
1124
1222
1214
1051
1222
1119
1185
1171
1121
1237
1028
1116
1222
1016
1165
1029
1164
1031
1114
1194
1108
1213
1163
1222
1202
1222
1038
1222
1171
1171
1237
1171
1162
1173
1119
1171
1028
1051
1237
1221
1091
1016
1192
1221
1028
1046
1112
1181
1201
1214
1033
1165
1223
1012
1194
1037
1205
1028
1046
1184
1193
1161
1047
1239
1146
1174
1118
1223
1224
1141
1239
1021
1224
1213
1121
1135
1164
1036
1162
1238
1056
1194
1158
1125
1105
1162
1101
1037
1135
1014
1183
1213
1183
1193
1151
1131
1087
1141
1213
1211
1033
1155
1155
1066
1029
1028
1222
1185
1193
1222
1046
1063
1205
1074
1201
1138
1182
1025
1078
1192
1214
1221
1172
1124
1183
1213
1112
1118
1223
1147
1116
1088
1162
1031
1164
1164
1223
1164
1038
1152
1213
1097
1183
1029
1048
1154
1119
1222
1029
1046
1051
1161
1205
1238
1117
1031
1116
1238
1184
1194
1072
1201
1055
1126
1183
1204
1152
1026
1185
1146
1185
1237
1182
1123
1182
1194
1084
1174
1106
1112
1214
1183
1121
1171
1037
1119
1222
1174
1112
1065
1037
1172
1029
1124
1046
1054
1117
1185
1202
1182
1194
1204
1172
1171
1183
1044
1113
1185
1202
1082
1039
1162
1202
1044
1165
1014
1039
1045
1082
1161
1185
1214
1222
1238
1039
1098
1183
1016
1173
1225
1039
1188
1106
1171
1112
1021
1221
1118
1025
1025
1116
1224
1031
1155
1037
1131
1202
1165
1165
1223
1118
1028
1039
1078
1161
1204
1214
1222
1141
1164
1222
1106
1188
1171
1182
1084
1184
1068
1047
1141
1164
1185
1154
1138
1081
1158
1117
1112
1237
1223
1142
1031
1183
1028
1125
1171
1118
1161
1028
1103
1223
1144
1014
1121
1223
1131
1028
1039
1072
1174
1222
1172
1152
1044
1213
1016
1029
1056
1153
1191
1205
1223
1141
1171
1181
1101
1213
1188
1165
1165
1165
1237
1116
1185
1214
1223
1119
1171
1044
1105
1161
1183
1204
1213
1171
1171
1171
1221
1213
1221
1171
1066
1031
1038
1097
1038
1155
1033
1224
1048
1155
1045
1215
1142
1103
1182
1051
1117
1106
1116
1116
1221
1211
1103
1188
1172
1112
1171
1165
1164
1165
1112
1182
1202
1213
1223
1118
1108
1112
1183
1211
1203
1155
1164
1044
1239
1182
1144
1171
1213
1023
1188
1213
1174
1214
1222
1114
1026
1144
1119
1124
1149
1016
1029
1155
1152
1173
1112
1026
1204
1204
1213
1182
1221
1221
1014
1239
1118
1016
1222
1164
1015
1073
1171
1188
1142
1171
1097
1087
1118
1161
1037
1214
1171
1116
1155
1188
1115
1171
1213
1108
1213
1087
1211
1211
1013
1171
1084
1029
1131
1237
1031
1152
1237
1163
1155
1112
1031
1103
1163
1143
1222
1028
1121
1174
1183
1155
1039
1155
1213
1163
1037
1172
1174
1028
1045
1203
1222
1223
1039
1238
1225
1173
1173
1088
1144
1021
1131
1213
1025
1103
1037
1039
1048
1182
1222
1112
1125
1148
1138
1025
1025
1124
1112
1039
1119
1213
1171
1046
1131
1031
1212
1194
1085
1239
1011
1222
1152
1025
1221
1025
1031
1118
1029
1171
1146
1184
1213
1135
1021
1152
1012
1046
1161
1046
1188
1171
1145
1185
1142
1117
1205
1222
1221
1104
1171
1139
1097
1165
1038
1053
1106
1165
1108
1162
1202
1029
1181
1016
1162
1119
1045
1052
1223
1138
1185
1173
1213
1162
1112
1141
1141
1214
1156
1237
1131
1152
1172
1171
1171
1221
1239
1171
1171
1028
1238
1125
1162
1028
1134
1221
1156
1116
1162
1182
1188
1061
1013
1094
1222
1087
1238
1153
1026
1188
1108
1097
1029
1221
1221
1222
1162
1221
1097
1171
1121
1162
1024
1116
1025
1151
1125
1036
1054
1155
1202
1171
1141
1174
1047
1221
1112
1038
1165
1224
1052
1171
1224
1031
1239
1221
1071
1205
1076
1162
1145
1065
1028
1039
1042
1152
1161
1174
1203
1212
1052
1225
1161
1158
1024
1172
1211
1103
1165
1031
1192
1211
1118
1119
1222
1155
1192
1052
1044
1213
1223
1106
1149
1039
1165
1238
1222
1194
1028
1221
1056
1044
1121
1213
1225
1093
1118
1213
1171
1121
1029
1037
1202
1016
1039
1163
1162
1172
1028
1151
1141
1025
1151
1188
1223
1221
1214
1188
1174
1034
1106
1222
1031
1223
1225
1031
1033
1131
1238
1011
1215
1185
1204
1213
1106
1171
1149
1163
1185
1171
1171
1171
1119
1238
1213
1211
1188
1118
1151
1183
1194
1028
1039
1162
1215
1112
1211
1046
1154
1154
1171
1141
1202
1171
1098
1083
1171
1031
1022
1117
1026
1141
1165
1163
1182
1222
1133
1112
1194
1119
1088
1038
1038
1202
1116
1222
1039
1221
1185
1038
1239
1171
1092
1183
1131
1164
1026
1202
1137
1118
1118
1202
1118
1165
1171
1106
1214
1112
1028
1039
1151
1188
1174
1174
1225
1028
1192
1201
1171
1171
1152
1142
1106
1142
1035
1158
1097
1171
1031
1118
1162
1136
1142
1171
1118
1144
1053
1097
1155
1171
1221
1155
1214
1052
1174
1161
1116
1182
1118
1089
1031
1171
1155
1033
1183
1032
1221
1029
1097
1028
1162
1116
1225
1149
1107
1112
1023
1112
1171
1171
1172
1022
1024
1171
1172
1116
1173
1173
1172
1044
1214
1065
1205
1138
1088
1033
1028
1118
1184
1204
1214
1171
1165
1106
1238
1106
1029
1038
1026
1026
1239
1022
1183
1181
1155
1029
1085
1161
1213
1183
1162
1185
1202
1031
1031
1068
1174
1204
1223
1171
1161
1103
1172
1028
1118
1013
1142
1016
1213
1038
1223
1038
1131
1131
1222
1105
1163
1225
1133
1122
1222
1095
1163
1171
1031
1089
1031
1118
1213
1045
1028
1038
1161
1183
1214
1112
1224
1161
1044
1038
1134
1174
1024
1223
1188
1164
1171
1224
1112
1112
1141
1031
1139
1185
1202
1162
1113
1194
1085
1132
1139
1039
1125
1155
1238
1182
1225
1222
1075
1165
1183
1026
1141
1212
1116
1173
1023
1076
1185
1204
1224
1161
1031
1103
1188
1085
1238
1016
1161
1223
1048
1171
1156
1223
1221
1106
1163
1162
1039
1144
1089
1221
1142
1013
1221
1173
1213
1031
1025
1103
1048
1203
1111
1238
1051
1161
1182
1205
1214
1215
1029
1163
1124
1161
1213
1163
1222
1222
1142
1085
1031
1123
1047
1118
1203
1238
1162
1194
1116
1108
1204
1034
1221
1032
1025
1033
1047
1052
1185
1143
1182
1037
1037
1213
1203
1033
1118
1108
1224
1013
1173
1162
1223
1029
1164
1183
1191
1151
1039
1239
1185
1028
1075
1222
1224
1116
1124
1117
1239
1171
1237
1188
1056
1222
1096
1164
1026
1239
1131
1222
1093
1138
1032
1188
1126
1213
1029
1029
1107
1164
1182
1193
1213
1048
1238
1085
1124
1213
1163
1103
1033
1191
1115
1174
1031
1028
1112
1047
1056
1222
1104
1223
1121
1026
1038
1087
1225
1237
1239
1044
1039
1221
1085
1188
1238
1054
1111
1055
1087
1171
1087
1142
1162
1223
1112
1031
1031
1106
1174
1125
1112
1213
1119
1133
1173
1118
1121
1238
1052
1108
1112
1223
1174
1141
1171
1039
1182
1194
1047
1161
1212
1223
1173
1028
1039
1165
1174
1204
1214
1225
1163
1141
1164
1191
1015
1146
1145
1238
1044
1114
1103
1119
1238
1213
1116
1164
1183
1224
1202
1182
1164
1037
1182
1011
1124
1204
1055
1191
1188
1107
1211
1239
1161
1116
1213
1025
1222
1125
1028
1028
1039
1122
1182
1202
1039
1121
1124
1182
1171
1164
1151
1238
1103
1156
1213
1173
1056
1213
1112
1173
1107
1203
1028
1027
1202
1142
1194
1204
1116
1161
1212
1185
1107
1182
1076
1213
1212
1221
1028
1039
1054
1161
1174
1191
1203
1222
1212
1149
1214
1141
1213
1222
1029
1108
1028
1063
1183
1194
1201
1213
1222
1119
1141
1122
1011
1062
1183
1061
1116
1044
1182
1239
1039
1222
1048
1044
1188
1044
1103
1173
1048
1138
1035
1222
1223
1037
1035
1106
1188
1037
1087
1054
1201
1183
1213
1162
1173
1174
1124
1126
1141
1097
1029
1221
1014
1046
1192
1029
1039
1161
1223
1239
1039
1029
1118
1224
1237
1029
1223
1188
1145
1222
1142
1014
1038
1225
1104
1088
1221
1115
1053
1185
1028
1125
1161
1222
1201
1021
1037
1029
1038
1026
1056
1021
1204
1086
1037
1147
1116
1185
1097
1163
1163
1211
1239
1033
1046
1148
1086
1212
1238
1171
1212
1041
1188
1212
1203
1083
1214
1222
1193
1205
1214
1083
1213
1142
1048
1239
1025
1221
1172
1211
1142
1183
1041
1081
1161
1174
1237
1028
1165
1204
1141
1202
1162
1222
1174
1172
1162
1025
1213
1039
1037
1214
1224
1164
1039
1171
1211
1014
1163
1076
1063
1185
1021
1239
1016
1029
1029
1146
1118
1063
1204
1025
1201
1029
1151
1164
1144
1224
1067
1138
1126
1143
1045
1068
1126
1204
1141
1034
1038
1131
1044
1174
1222
1115
1151
1171
1202
1151
1162
1213
1221
1239
1172
1104
1033
1112
1223
1213
1237
1108
1171
1037
1171
1108
1011
1046
1087
1188
1074
1193
1213
1151
1108
1022
1121
1116
1213
1118
1164
1158
1182
1118
1223
1173
1086
1173
1221
1097
1012
1046
1223
1149
1143
1097
1112
1164
1239
1113
1174
1108
1119
1134
1192
1112
1031
1239
1145
1116
1171
1163
1029
1123
1121
1029
1038
1124
1116
1222
1171
1112
1165
1223
1014
1028
1038
1188
1193
1221
1033
1142
1173
1173
1173
1173
1173
1213
1116
1022
1185
1135
1172
1113
1238
1113
1037
1183
1224
1106
1028
1182
1103
1106
1014
1028
1223
1151
1125
1213
1118
1225
1141
1164
1237
1126
1183
1195
1112
1183
1192
1211
1029
1221
1121
1155
1165
1029
1046
1136
1185
1205
1213
1224
1108
1033
1084
1121
1098
1161
1121
1214
1039
1203
1183
1221
1107
1214
1211
1173
1163
1238
1036
1225
1152
1112
1191
1142
1212
1147
1096
1121
1046
1038
1122
1116
1185
1194
1039
1043
1162
1171
1028
1162
1222
1225
1028
1038
1041
1161
1188
1211
1225
1239
1221
1142
1048
1225
1106
1211
1203
1172
1172
1203
1149
1182
1224
1223
1164
1165
1032
1225
1139
1036
1115
1047
1096
1165
1119
1095
1124
1163
1174
1161
1192
1205
1224
1133
1113
1016
1181
1212
1016
1213
1188
1141
1144
1213
1044
1225
1097
1162
1095
1047
1184
1201
1214
1112
1144
1112
1029
1133
1224
1238
1174
1025
1171
1163
1171
1171
1188
1087
1028
1145
1074
1024
1045
1116
1172
1112
1138
1037
1213
1048
1031
1221
1164
1222
1039
1039
1029
1171
1183
1222
1191
1015
1205
1214
1084
1163
1116
1173
1044
1221
1044
1094
1191
1202
1214
1221
1029
1039
1154
1183
1239
1203
1028
1164
1188
1131
1213
1118
1029
1182
1202
1125
1161
1116
1031
1124
1119
1113
1141
1026
1182
1202
1145
1201
1037
1098
1171
1238
1116
1048
1183
1195
1155
1222
1097
1108
1239
1112
1183
1029
1223
1106
1188
1182
1027
1165
1165
1151
1182
1238
1083
1025
1112
1225
1112
1238
1038
1152
1023
1191
1224
1238
1182
1223
1046
1093
1087
1037
1145
1118
1124
1171
1223
1188
1032
1213
1221
1186
1225
1211
1088
1183
1202
1125
1221
1031
1205
1171
1029
1022
1038
1184
1213
1161
1046
1172
1149
1023
1138
1238
1116
1138
1222
1212
1029
1239
1182
1202
1125
1133
1213
1106
1183
1121
1054
1165
1194
1183
1125
1106
1125
1038
1225
1037
1031
1188
1046
1052
1026
1038
1038
1134
1185
1222
1039
1118
1223
1224
1094
1044
1225
1142
1194
1202
1162
1126
1185
1105
1118
1173
1238
1162
1116
1104
1119
1046
1163
1173
1192
1151
1174
1028
1172
1037
1145
1182
1194
1145
1142
1185
1194
1044
1161
1213
1222
1131
1028
1014
1036
1173
1138
1025
1143
1237
1039
1046
1183
1204
1029
1213
1037
1048
1122
1188
1214
1141
1112
1023
1038
1139
1204
1028
1163
1172
1151
1151
1151
1151
1173
1028
1021
1054
1112
1239
1037
1028
1239
1213
1173
1184
1028
1223
1037
1112
1026
1237
1238
1022
1162
1106
1141
1239
1133
1155
1183
1201
1212
1164
1113
1151
1171
1239
1097
1192
1215
1222
1141
1141
1119
1116
1033
1183
1089
1101
1082
1182
1183
1192
1029
1055
1111
1165
1182
1029
1038
1205
1117
1113
1106
1171
1032
1011
1163
1015
1181
1173
1171
1048
1222
1013
1146
1125
1172
1185
1213
1103
1204
1028
1145
1213
1194
1112
1182
1052
1149
1031
1029
1052
1181
1152
1122
1164
1213
1211
1031
1027
1145
1171
1088
1211
1225
1044
1124
1183
1214
1173
1084
1114
1102
1215
1237
1158
1103
1097
1202
1101
1101
1184
1214
1044
1115
1174
1188
1193
1212
1155
1155
1155
1171
1047
1061
1155
1181
1184
1081
1225
1141
1162
1185
1054
1193
1171
1152
1035
1215
1163
1182
1039
1034
1225
1028
1035
1182
1224
1025
1172
1038
1096
1214
1108
1162
1039
1116
1141
1124
1182
1213
1124
1213
1222
1103
1181
1202
1212
1118
1038
1221
1053
1151
1163
1037
1212
1023
1182
1035
1183
1185
1204
1222
1026
1164
1222
1046
1213
1239
1133
1222
1212
1105
1046
1239
1213
1162
1029
1188
1237
1213
1141
1172
1224
1132
1223
1164
1164
1172
1027
1084
1222
1051
1137
1051
1035
1221
1224
1025
1172
1224
1172
1224
1181
1222
1029
1089
1193
1193
1165
1223
1024
1113
1028
1042
1094
1162
1203
1214
1038
1174
1183
1222
1037
1112
1213
1225
1239
1144
1089
1186
1151
1037
1125
1027
1225
1238
1052
1031
1213
1163
1138
1138
1141
1182
1037
1239
1028
1164
1171
1162
1173
1239
1237
1106
1031
1039
1203
1237
1106
1028
1037
1214
1031
1185
1117
1193
1112
1171
1026
1188
1192
1031
1112
1238
1112
1131
1021
1039
1223
1238
1104
1213
1025
1106
1033
1222
1126
1163
1028
1039
1047
1152
1161
1174
1201
1214
1223
1181
1025
1163
1239
1115
1174
1051
1238
1046
1077
1154
1162
1174
1193
1222
1182
1155
1172
1148
1172
1224
1172
1224
1172
1224
1172
1224
1172
1172
1224
1172
1224
1172
1224
1172
1172
1172
1172
1172
1172
1172
1172
1172
1172
1172
1033
1112
1141
1223
1101
1186
1155
1182
1107
1224
1031
1112
1222
1224
1152
1183
1202
1182
1182
1125
1163
1203
1225
1171
1119
1031
1028
1143
1225
1041
1116
1122
1238
1185
1039
1194
1111
1182
1204
1221
1029
1037
1146
1066
1022
1185
1201
1222
1194
1171
1039
1125
1024
1202
1141
1203
1054
1192
1222
1162
1183
1194
1238
1182
1202
1046
1097
1161
1222
1039
1039
1214
1221
1025
1025
1188
1106
1162
1028
1039
1047
1051
1152
1165
1171
1203
1214
1225
1188
1161
1162
1103
1173
1225
1215
1182
1124
1038
1238
1165
1112
1188
1165
1028
1165
1021
1174
1165
1125
1141
1171
1121
1093
1044
1133
1239
1025
1222
1135
1182
1039
1044
1183
1105
1031
1157
1125
1212
1147
1016
1183
1029
1108
1237
1113
1119
1182
1116
1174
1025
1021
1126
1037
1029
1222
3531
3519
3532
3508
3508
3524
3519
3527
3529
3516
3526
3516
3521
3518
3534
3525
3534
3528
3534
3528
3526
3518
3534
3508
3526
3533
3525
3529
3519
3519
3530
3519
3535
3525
3521
3533
3508
3525
3527
3529
3532
3528
3521
3516
3508
3519
3519
3528
3519
3528
3508
3528
3525
3534
3533
3508
3529
3534
3525
3535
3535
3518
3534
3521
3535
3508
3531
3528
3519
3531
3519
3535
3531
3535
3525
3525
3535
3535
3535
3531
3529
3519
3521
3534
3508
3508
3529
3528
3525
3531
3519
3535
3521
3528
3535
3534
3528
3527
3526
3529
3530
3518
3532
3508
3534
3526
3529
3528
3534
3518
3508
3508
3532
3519
3534
3527
3518
3533
3527
3516
3528
3534
3525
3530
3526
3529
3535
3532
3525
3519
3519
3532
3535
3525
3529
3534
3526
3525
3527
3535
3508
3508
3534
3530
3519
3518
3518
3534
3530
3535
3534
3518
3528
3535
3508
3535
3530
3516
3508
3533
3525
3535
3516
3525
3518
3531
3534
3535
3534
3519
3535
3528
3528
3534
3516
3518
3508
3531
3530
3516
3532
3525
3516
3516
3519
3529
3525
3519
3529
3534
3531
3529
3525
3508
3531
3525
3534
3508
3528
3529
3528
3527
3535
3508
3521
3528
3508
3516
3532
3533
3534
3535
3519
3529
3535
3526
3534
3534
3535
3535
3518
3521
3531
3525
3519
3508
3525
3516
3529
3525
3532
3519
3519
3518
3518
3508
3529
3521
3530
3518
3525
3534
3519
3516
3525
3533
3532
3535
3519
3534
3532
3534
3525
3518
3508
3527
3528
3525
3558
3530
3528
3528
3508
3516
3518
3535
3533
3519
3531
3531
3534
3532
3528
3528
3519
3508
3508
3508
3521
3532
3519
3530
3529
3532
3516
3534
3530
3533
3529
3533
3508
3532
3534
3508
3519
3528
3528
3531
3535
3527
3526
3528
3529
3519
3532
3534
3533
3521
3524
3508
3527
3534
3521
3533
3521
3519
3533
3527
3516
3535
3533
3519
3535
3518
3534
3535
3508
3533
3518
3532
3527
3533
3508
3508
3531
3528
3535
3535
3519
3518
3535
3516
3525
3535
3526
3534
3530
3526
3531
3535
3526
3508
3519
3525
3532
3519
3528
3530
3534
3529
3533
3519
3528
3534
3508
3535
3531
3533
3529
3535
3533
3508
3532
3528
3521
3519
3525
3524
3528
3518
3531
3527
3518
3535
3533
3532
3534
3516
3532
3531
3530
3530
3534
3529
3508
3508
3528
3521
3535
3531
3535
3532
3519
3534
3516
3527
3526
3521
3519
3526
3532
3525
3508
3525
3521
3534
3534
3533
3508
3519
3533
3533
3530
3519
3528
3519
3525
3519
3531
3519
3524
3519
3529
3508
3519
3518
3532
3532
3533
3526
3535
3528
3529
3533
3530
3521
3529
3525
3516
3516
3508
3535
3524
3535
3534
3516
3518
3531
3528
3535
3528
3527
3525
3531
3529
3534
3533
3533
3527
3535
3532
3519
3508
3528
3525
3528
3528
3528
3516
3534
3534
3534
3527
3526
3528
3518
3516
3529
3516
3526
3530
3533
3516
3530
3519
3524
3519
3529
3528
3526
3519
3533
3534
3518
3532
3528
3533
3530
3533
3533
3517
3526
3519
3518
3534
3530
3516
3525
3533
3533
3521
3535
3525
3535
3508
3508
3530
3521
3533
3521
3533
3525
3534
3519
3525
3532
3528
3533
3534
3533
3519
3525
3519
3525
3508
3529
3524
3518
3530
3532
3530
3530
3519
3533
3508
3519
3508
3521
3528
3529
3532
3529
3529
3534
3519
3535
3521
3534
3534
3519
3533
3535
3534
3534
3530
3534
3528
3525
3529
3508
3525
3521
3531
3508
3508
3508
3508
3531
3525
3525
3533
3525
3525
3529
3530
3533
3508
3532
3525
3534
3533
3531
3529
3533
3519
3533
3533
3533
3517
3533
3531
3528
3521
3533
3533
3532
3533
3535
3532
3525
3534
3533
3519
3532
3525
3534
3525
3517
3528
3508
3535
3530
3529
3535
3525
3524
3519
3527
3518
3529
3529
3530
3527
3528
3525
3508
3525
3521
3519
3533
3521
3528
3528
3521
3526
3508
3525
3508
3535
3533
3508
3519
3528
3532
3530
3528
3521
3530
3528
3525
3531
3530
3528
3521
3532
3516
3519
3535
3508
3519
3508
3534
3535
3508
3535
3516
3519
3519
3531
3531
3527
3527
3531
3529
3533
3530
3521
3535
3533
3508
3531
3508
3525
3519
3527
3529
3530
3533
3529
3528
3516
3528
3508
3519
3525
3518
3521
3535
3527
3533
3534
3528
3534
3508
3532
3529
3516
3516
3516
3521
3508
3521
3528
3532
3533
3534
3519
3525
3519
3533
3533
3526
3535
3527
3526
3517
3530
3518
3521
3526
3528
3525
3530
3525
3519
3518
3525
3521
3525
3535
3521
3532
3508
3533
3529
3535
3529
3529
3527
3534
3508
3521
3518
3519
3525
3527
3508
3516
3531
3528
3525
3508
3519
3508
3525
3518
3528
3508
3532
3519
3516
3528
3521
3525
3528
3528
3516
3521
3526
3531
3534
3532
3519
3533
3516
3533
3530
3534
3528
3526
3534
3516
3508
3516
3532
3519
3531
3519
3531
3525
3528
3533
3533
3525
3534
3525
3530
3534
3533
3519
3532
3530
3535
3528
3533
3535
3527
3508
3535
3527
3531
3535
3519
3530
3516
3527
3530
3521
3518
3532
3519
3521
3519
3534
3527
3521
3517
3518
3519
3508
3516
3527
3534
3535
3527
3529
3534
3519
3519
3525
3532
3534
3517
3527
3527
3533
3518
3529
3535
3531
3529
3528
3529
3519
3527
3519
3534
3529
3508
3534
3519
3532
3528
3527
3516
3525
3533
3534
3533
3530
3525
3531
3528
3528
3530
3519
3508
3519
3534
3527
3519
3532
3519
3526
3529
3516
3528
3527
3519
4033
4027
4028
4030
4032
4031
4033
4002
4033
4002
4029
4028
4030
4002
4002
4032
4002
4031
4225
4029
4002
4030
4002
4030
4225
4033
4032
4002
4025
4033
4028
4002
4029
4025
4002
4002
4033
4002
4225
4002
4033
4063
4002
4030
4002
4033
4034
4031
4034
4028
4002
4032
4032
4030
4002
4025
4030
4033
4225
4002
4028
4031
4032
4030
4033
4034
4030
4031
4002
4031
4032
4002
4033
4002
4225
4030
4002
4225
4002
4031
4032
4025
4029
4031
4002
4032
4032
4030
4030
4033
4024
4032
4034
4002
4030
4030
4030
4002
4028
4030
4030
4032
4031
4028
4002
4032
4033
4029
4002
4033
4029
4034
4033
4225
4030
4002
4032
4028
4002
4026
4031
4002
4034
4031
4002
4030
4002
4034
4024
4002
4225
4034
4030
4002
4225
4032
4031
4002
4031
4029
4002
4031
4002
4025
4030
4032
4025
4225
4002
4002
4033
4031
4030
4002
4002
4002
4002
4002
4002
4002
4030
4002
4026
4030
4028
4027
4034
4002
4032
4030
4030
4024
4029
4033
4030
4033
4079
4002
4002
4033
4029
4002
4002
4002
4031
4002
4031
4002
4032
4002
4002
4030
4002
4002
4002
4031
4032
4030
4031
4026
4028
4225
4225
4031
4027
4225
4026
4034
4034
4029
4002
4030
4002
4002
4002
4033
4026
4030
4002
4002
4030
4002
4027
4002
4030
4029
4031
4031
4002
4002
4002
4078
4034
4034
4026
4002
4026
4002
4030
4034
4030
4029
4225
4030
4030
4002
4027
4225
4002
4034
4030
4030
4034
4028
4002
4026
4030
4002
4034
4225
4031
4028
4032
4031
4031
4002
4028
4034
4031
4030
4034
4033
4028
4029
4002
4031
4031
4032
4028
4225
4030
4029
4028
4030
4032
4002
4063
4033
4029
4002
4002
4027
4002
4002
4033
4031
4030
4027
4028
4030
4002
4034
4033
4002
4002
4030
4026
4225
4030
4030
4028
4033
4029
4030
4030
4030
4030
4031
4030
4030
4030
4002
4225
4002
4002
4078
4002
4002
4034
4031
4031
4002
4225
4025
4002
4030
4033
4002
4002
4002
4002
4002
4079
4002
4002
4002
4078
4002
4029
4002
4002
4002
4002
4002
4002
4027
4029
4078
4034
4002
4032
4002
4030
4034
4032
4225
4002
4225
4002
4002
4063
4002
4034
4030
4002
4079
4030
4002
4029
4031
4031
4002
4002
4002
4031
4033
4002
4002
4031
4031
4225
4002
4033
4031
4079
4026
4034
4002
4033
4028
4225
4030
4026
4032
4034
4225
4030
4030
4002
4033
4002
4028
4030
4002
4002
4030
4031
4030
4030
4034
4031
4029
4031
4033
4002
4002
4033
4002
4225
4026
4031
4032
4033
4033
4002
4225
4032
4002
4028
4033
4031
4002
4031
4031
4026
4002
4032
4027
4031
4030
4002
4002
4031
4002
4032
4002
4002
4028
4030
4033
4031
4002
4063
4033
4002
4225
4032
4029
4002
4026
4033
4225
4024
4034
4031
4030
4032
4031
4002
4032
4034
4002
4031
4078
4034
4225
4002
4030
4032
4031
4225
4225
4025
4032
4002
4002
4031
4225
4030
4034
4033
4031
4002
4033
4033
4034
4033
4030
4002
4002
4034
4033
4002
4031
4034
4002
4002
4024
4034
4032
4028
4225
4030
4034
4026
4027
4002
4030
4030
4026
4030
4034
4002
4002
4030
4030
4026
4002
4033
4027
4027
4002
4030
4030
4030
4033
4032
4002
4024
4031
4034
4033
4002
4024
4025
4225
4025
4079
4002
4028
4002
4002
4031
4030
4024
4033
4030
4002
4002
4002
4032
4032
4026
4002
4225
4028
4002
4225
4033
4225
4031
4032
4002
4033
4027
4002
4033
4030
4033
4030
4031
4002
4033
4031
4032
4033
4034
4002
4002
4033
4002
4030
4031
4032
4033
4002
4002
4225
4002
4030
4024
4034
4002
4031
4030
4034
4030
4033
4025
4002
4002
4026
4030
4031
4029
4034
4033
4028
4002
4032
4034
4032
4032
4002
4032
4030
4225
4063
4034
4033
4033
4002
4027
4030
4030
4029
4034
4031
4002
4002
4002
4002
4002
4032
4002
4002
4028
4033
4031
4033
4032
4034
4225
4030
4030
4034
4034
4033
4002
4225
4033
4031
4032
4029
4034
4032
4028
4030
4029
4002
4002
4002
4033
4031
4002
4030
4031
4034
4031
4030
4225
4033
4031
4225
4002
4030
4225
4030
4031
4034
4032
4031
4030
4024
4028
4030
4034
4031
4002
4002
4028
4034
4029
4030
4002
4034
4002
4002
4002
4030
4030
4030
4030
4028
4002
4002
4002
4002
4028
4034
4033
4030
4002
4024
4031
4032
4002
4033
4033
4030
4029
4002
4033
4002
4033
4031
4031
4029
4031
4033
4002
4002
4002
4034
4033
4033
4033
4030
4033
4031
4002
4031
4031
4031
4031
4030
4030
4031
4028
4028
4225
4225
4002
4031
4002
4032
4031
4002
4002
4030
4034
4028
4002
4030
4031
4034
4002
4063
4002
4002
4029
4031
4031
4030
4002
4032
4030
4002
4030
4034
4002
4002
4002
4027
4031
4002
4002
4030
4031
4032
4024
4033
4063
4030
4030
4029
4033
4030
4032
4030
4029
4002
4002
4002
4028
4025
4063
4030
4002
4002
4002
4030
4002
4033
4033
4028
4002
4034
4033
4002
4030
4002
4030
4030
4034
4002
4002
4225
4002
4028
4030
4031
4029
4028
4032
4026
4029
4063
4002
4033
4030
4002
4002
4033
4002
4002
4079
4030
4033
4030
4026
4034
4002
4029
4225
4034
4002
4002
4034
4002
4034
4002
4002
4034
4002
4002
4225
4028
4025
4032
4002
4030
4002
4033
4002
4034
4029
4225
4029
4033
4002
4002
4033
4029
4002
4030
4026
4002
4002
4027
4031
4033
4033
4002
4028
4028
4034
4031
4030
4034
4024
4063
4034
4034
4225
4024
4002
4002
4002
4002
4031
4002
4002
4002
4002
4002
4032
4025
4034
4002
4027
4031
4002
4225
4032
4033
4028
4028
4002
4002
4031
4002
4025
4032
4002
4031
4225
4225
4225
4027
4032
4030
4002
4034
4031
4063
4002
4002
4033
4032
4030
4002
4002
4028
4030
4030
4034
4034
4002
4002
4225
4030
4225
4033
4002
4027
4002
4029
4034
4002
4002
4002
4002
4029
4002
4002
4030
4033
4002
4030
4225
4030
4030
4032
4030
4033
4063
4025
4030
4032
4030
4028
4002
4033
4032
4029
4033
4002
4002
4002
4002
4034
4029
4225
4026
4033
4026
4026
4033
4002
4002
4079
4032
4034
4002
4225
4002
4034
4002
4033
4225
4225
4034
4225
4030
4028
4031
4002
4030
4034
4002
4002
4031
4030
4002
4030
4030
4030
4033
4002
4030
4030
4033
4033
4033
4024
4029
4031
4002
4034
4034
4030
4002
4002
4034
4034
4002
4030
4031
4030
4030
4034
4002
4002
4225
4030
4024
4028
4225
4225
4002
4030
4002
4002
4034
4002
4002
4034
4030
4034
4002
4002
4025
4002
4031
4032
4002
4030
4033
4033
4031
4028
4078
4031
4029
4033
4031
4002
4024
4031
4030
4030
4030
4031
4029
4225
4078
4027
4032
4031
4027
4002
4225
4033
4034
4079
4025
4027
4225
4031
4034
4002
4002
4033
4002
4030
4031
4030
4030
4002
4032
4002
4034
4030
4034
4024
4063
4002
4031
4033
4030
4030
4027
4033
4031
4030
4030
4002
4032
4032
4025
4002
4033
4033
4033
4002
4034
4002
4002
4029
4225
4079
4032
4002
4034
4002
4029
4030
4033
4002
4033
4030
4033
4031
4027
4002
4028
4002
4002
4030
4002
4002
4002
4034
4034
4024
4031
4030
4034
4034
4030
4025
4033
4002
4028
4032
4030
4033
4033
4030
4030
4225
4030
4002
4034
4225
4033
4025
4225
4225
4024
4033
4031
4002
4225
4030
4034
4002
4030
4033
4033
4028
4002
4032
4034
4033
4028
4026
4002
4032
4030
4032
4002
4031
4030
4030
4031
4030
4031
4030
4031
4031
4030
4030
4031
4030
4225
4024
4225
4034
4002
4032
4026
4028
4032
4034
4033
4079
4024
4030
4034
4025
4002
4002
4033
4002
4031
4225
4225
4028
4033
4024
4034
4002
4033
4002
4031
4002
4025
4031
4002
4002
4028
4033
4030
4033
4002
4030
4025
4030
4002
4002
4031
4031
4002
4002
4031
4030
4002
4030
4030
4030
4030
4032
4032
4002
4034
4002
4002
4002
4002
4002
4030
4028
4002
4034
4030
4034
4002
4024
4027
4029
4030
4225
4030
4032
4030
4002
4002
4002
4002
4030
4002
4030
4002
4034
4002
4034
4225
4002
4002
4034
4031
4031
4031
4033
4034
4002
4033
4030
4024
4030
4225
4024
4031
4002
4002
4225
4024
4225
4024
4030
4032
4028
4034
4031
4025
4002
4225
4002
4031
4034
4033
4034
4031
4002
4028
4033
4030
4002
4002
4030
4026
4027
4030
4079
4033
4029
4033
4034
4002
4032
4225
4002
4032
4002
4002
4024
4002
4030
4031
4030
4031
4027
4028
4002
4002
4002
4030
4033
4225
4002
4025
4030
4031
4030
4024
4028
4030
4028
4024
4002
4225
4031
4033
4002
4030
4002
4028
4033
4033
4028
4024
4002
4031
4026
4002
4002
4033
4026
4033
4225
4002
4002