032451
032452
032453
032454
032455
032456
032457
032458
032459
032461
032462
032463
032464
032465
032466
032467
032468
032469
061621
061622
061623
061624
061625
061626
061627
061628
061629
061631
061632
061633
061634
011376
060355
060351
060352
060353
060354
040171
040172
050711
050712
050713
050714
050715
050716
050717
050718
050719
050721
050722
050723
050724
050725
050726
050727
050728
050729
050731
050732
050733
050734
050735
050736
013037
013038
013039
033041
033042
033043
033044
020911
020987
020988
050383
023309
051511
040414
040415
052784
052091
011315
011316
011317
011318
012661
030011
010011
010012
010013
030012
030013
010014
010015
010016
013065
013066
050316
012516
013117
012961
012962
030943
041103
041101
041102
013245
013246
061493
050863
050862
061037
012517
012518
061425
030783
041374
042163
032736
060515
050873
011373
011374
014051
014052
014053
014054
014055
014056
013015
013016
013017
013018
013781
013594
012515
051741
023883
010945
010946
012614
012615
051975
013907
032737
020265
020266
061165
060571
060572
060573
060574
022571
021481
021482
021483
021484
021485
030341
030342
021491
021492
021493
021494
021495
030343
060996
013525
013526
061041
031148
031103
031104
031105
011607
011608
022621
022622
040511
040512
032146
051598
021515
040306
021708
040431
022261
022262
062359
051602
032531
013561
013562
013563
013564
010638
010639
062231
062232
062233
062234
062229
031472
010628
010621
010622
010623
010624
010625
010626
010627
022015
022016
051521
051522
051523
051524
051525
051526
051527
051528
051529
051531
051532
051533
051534
051535
051536
051537
051538
051539
051541
051542
051543
051544
011441
011442
011821
011822
011823
011824
023687
023681
023682
023683
023684
023685
023686
021145
010838
023688
051604
060491
014558
060492
060493
014559
041795
041796
041791
041792
041793
041794
060243
012827
012828
012829
012831
012832
012833
012834
012835
012836
012837
012838
040954
040955
040956
040951
040952
040953
041422
012116
060916
052596
031844
040741
040742
040743
040744
040745
040746
040747
040748
040749
012666
012667
012668
012669
042104
010776
010777
010778
010779
040793
040794
050283
031556
032052
011976
062335
012641
012642
012545
012546
012547
012548
023807
023808
012441
012442
011613
011614
060234
051983
051984
051985
051986
010346
010634
010635
050217
040556
040289
021423
021424
011645
011646
011647
011648
031131
022525
022526
022521
022522
022523
022524
022527
022528
022529
030944
030928
030926
030927
060976
050373
030996
030997
011894
061347
051185
051186
051187
051188
022991
014357
013491
013492
014576
014577
031463
011833
032145
051011
051012
051013
051014
051015
051016
031571
023595
023596
023591
023592
023593
023594
050214
051803
062371
062372
062373
062374
062375
031025
060911
060912
060913
060914
062321
062322
062323
062324
013851
013852
013853
021709
050741
061462
061461
031564
031565
023141
023142
023143
023144
023145
023146
021444
021445
062278
062279
062281
062282
062283
062284
062285
062286
062287
062288
062289
062291
012285
012286
012287
012288
062236
062237
052154
052155
011601
011602
023115
023116
023117
023118
023083
023084
042179
051742
012435
011453
021031
021032
021033
021034
031206
013431
013432
013433
013434
013435
013436
013437
020671
020672
020673
020674
020675
020676
014127
052766
031572
024012
022943
011753
011754
040871
040872
040873
040874
024011
020941
020942
020943
020944
020945
020946
020947
020948
062019
032046
051743
060915
021513
021514
011685
011686
011687
011688
012676
013592
060794
060791
060792
060793
060795
060796
060797
062031
062032
062033
062034
011081
011082
050845
014341
014342
014343
010911
010912
023656
022421
022422
022423
022424
022425
010481
010482
010483
010484
021041
021042
021043
021044
021045
021046
032481
032482
032483
011991
011992
052383
020724
020725
021564
023785
023786
050291
050292
050293
050294
024047
050737
030383
014615
014616
022944
061901
061902
052776
061679
031464
052053
060238
010179
031523
014571
010847
010848
011831
011832
050676
021893
021894
013883
013884
022911
022912
061473
060228
010994
013837
013838
010213
022374
022375
022376
024071
024072
024073
024074
031265
013885
013886
040302
040303
040304
040305
013055
013056
011454
011455
011456
011457
011851
011852
011853
011854
011855
011856
011861
011862
011863
011864
011865
011866
011867
011868
014358
014235
014236
014237
014331
014332
014333
014334
014335
014336
024014
024015
013737
013738
021581
021582
021583
021571
021572
021573
021574
021575
021576
021577
021578
032538
051794
051792
022381
022382
023408
023409
061191
061192
061193
031051
031633
031634
031621
031622
031623
031624
031625
031626
031627
031628
031629
031631
031632
041253
022817
050551
050589
032585
041923
041924
041925
041926
041927
041928
041929
041931
041932
041933
041934
020969
052301
052302
052303
052304
052299
020201
020202
020203
020204
020205
052401
052402
052403
052404
031431
052604
052605
052606
052607
052608
040691
040692
062381
062382
012501
012502
012503
012504
012505
012506
020661
020662
020663
020664
050388
050505
014391
011281
011282
013495
013496
022204
060805
060801
060802
060803
060804
012631
012632
030207
031916
031917
031918
012701
012702
021771
021772
021773
021774
021775
021781
021782
021783
021784
021785
051766
050221
010525
010526
042165
040411
040412
041479
010846
010843
010844
010845
050335
014355
013143
022951
022952
013061
013062
011889
032622
032623
032624
032625
050801
050802
050803
050804
010933
010934
021144
051072
011663
011664
011665
011666
023766
023764
023765
011221
011222
011223
011224
011225
011226
011227
023161
023162
023163
023164
023165
023166
023763
031276
031277
031278
031279
031275
031271
031272
031273
031274
010771
023648
014121
032791
032792
032793
032764
032765
032766
032767
032768
032769
032751
032752
032753
032754
032755
032756
032757
032758
032797
032798
032799
032745
032746
032747
032748
032749
032775
032776
032777
032778
032741
032742
032743
032744
032794
032795
032796
051512
052036
030791
030792
031645
031662
042015
042016
042017
012231
012232
012233
032971
032972
032973
032974
030901
040262
010943
010944
021459
011295
011296
022695
022696
020187
020188
013778
013779
030671
030672
030673
030674
030675
030676
030677
030678
030679
051197
022102
022103
022104
022105
022106
022107
022108
022109
022111
022112
030351
022113
022114
022115
022116
022117
022118
022119
022121
022122
022123
022124
022125
022126
022127
022128
022129
022131
022132
022133
022134
022135
030352
050334
052787
061164
020931
020932
020933
020934
020935
020936
020937
020938
020939
012993
012994
012995
012996
050312
032772
062187
062188
030065
030066
052392
041382
022841
022842
022843
022844
022845
022846
022847
022848
050175
030471
030472
030473
030474
030475
030476
031563
013393
013394
013395
013396
013198
013199
013187
013188
013189
013191
013192
013193
013194
013195
013196
013197
040775
040776
031149
061953
061954
061955
061956
061957
052237
052295
052296
052297
052298
010917
010918
011667
051366
051367
051368
051369
013144
040287
021751
021752
010041
010042
010043
010044
010045
010051
010052
010053
010054
010055
030166
030221
030222
052395
011953
011954
050311
051744
023719
041106
041478
041474
041475
041476
041477
060144
020174
020175
013951
013952
013953
013954
020323
030185
030186
040702
061161
030194
030195
030196
030197
030198
023487
023488
052069
051814
051815
060235
061051
041275
052311
012696
012697
060855
051492
021501
021502
041381
042138
022545
022546
051171
051172
051173
051174
051175
051176
051177
013233
013234
051382
052073
012781
012782
012783
012784
012785
012786
012787
051166
051167
051168
051169
051161
051162
051163
051164
051165
030481
030482
030483
030484
060763
062185
062186
062181
062182
062183
062184
031092
031091
031481
031482
031483
031484
014161
041988
022904
022905
022906
022907
023048
023047
032411
032412
032413
032414
052255
020206
020207
051993
051992
062376
050275
023849
023847
023848
041216
010596
010597
050061
040999
011804
011805
013965
013966
013967
013968
011701
011702
011703
011704
062392
013994
041116
042092
041901
041902
041903
041904
041905
041906
041907
041908
041909
041911
041912
041913
041914
041915
041916
041917
041918
041919
052387
023691
023692
023693
023694
052508
032051
013147
023551
023552
023553
023554
023555
023556
023557
011769
010163
010164
010165
010166
010167
010168
010169
010171
010172
013405
013406
013407
013408
010251
010252
010253
010254
010255
010256
010257
010261
010262
010263
051283
051284
051285
051286
013093
013094
022725
011091
011092
022282
022283
013941
013942
013943
013944
040153
040151
040152
051745
010214
013992
020574
020738
013981
010931
010932
014012
042146
042147
042148
042149
042151
042152
042159
062317
014241
012127
012128
010298
040269
010391
010392
010393
010394
010395
030047
010019
020322
050738
022371
022372
022373
021358
030256
061545
050288
023301
023302
023303
023304
031849
012711
012712
011675
011676
011677
011678
051453
020267
020268
020269
061061
031071
031072
010647
031573
011751
011752
062266
062267
020963
011879
031491
031492
031493
030061
030062
042077
052156
062391
052438
050232
024025
061062
051114
052777
041401
041402
041403
021025
041213
022432
022433
022434
022435
040764
010538
010539
010935
010936
050295
010533
014383
022581
022582
041207
042175
011386
011387
011388
011389
050484
060226
060227
061031
052444
050324
050325
041561
061472
030167
021061
030168
021062
030913
030911
030912
060907
040439
041097
031697
052182
032078
032079
021473
052489
040421
031505
042099
060758
040307
040585
052774
014171
014172
014173
014174
014175
014176
014177
014178
014179
020638
040505
040506
061475
031412
031413
031414
031415
010027
010841
010842
051213
020471
020472
020232
020233
050211
050811
050812
050813
050814
050815
051592
051591
051553
031073
031074
061614
061615
061616
061617
060641
021885
021886
011027
051478
040444
030714
030715
030716
030717
030718
051475
061441
061442
061443
061444
061445
061446
061447
061448
061449
061451
023611
023612
023613
023614
023615
021446
031186
012158
013925
020565
020566
032621
031052
010521
041265
011781
011782
011783
011784
052421
051315
023447
023448
021116
021117
040695
041105
062238
062239
014201
014202
014203
014204
014205
014206
031455
031456
031457
030407
030408
052536
052535
051361
051362
051363
051364
023445
023446
060466
030171
030172
030173
030174
030175
030176
030177
011412
011413
011414
051418
032534
032535
023873
013451
013452
013453
013454
013455
013456
041431
041432
041433
041434
041435
041436
041437
041438
041441
041442
041443
041444
041445
041446
041447
041448
041449
041451
041452
041453
041454
041455
041456
041457
041458
041459
030421
030422
030423
030424
030425
030426
030427
030428
031253
031254
031255
031256
031257
060102
051352
031475
031476
052415
023671
023672
052355
052354
031477
031478
052372
052373
050021
050022
010131
010132
010133
010134
010135
050023
050024
010136
010137
010138
010139
031513
031053
022926
013743
013744
010527
010528
013782
013833
013834
041229
031054
041838
050123
050124
050125
011788
012314
012315
012316
012317
030463
041572
014384
010523
014643
042134
030391
030392
030393
061573
040755
040291
040292
031228
052287
012351
012352
012353
012354
012355
012356
012357
012358
012359
012361
012362
012363
012364
012365
012366
012367
012368
012369
012371
051435
051431
051432
051433
051434
013681
013682
013683
013684
013685
013686
013691
013692
013693
013694
013695
013696
013697
013501
013502
013503
013504
013505
030461
030462
040192
031668
032811
061477
024094
024095
010772
010773
010774
010775
020235
031655
032571
032572
032565
032566
032567
032568
050462
030811
061553
061554
022801
022802
022803
022804
013623
021967
021968
052406
022852
052836
020183
020184
032904
013296
013297
012705
012706
060649
010215
011416
011415
032726
032727
032728
032729
031106
031107
031108
031109
014321
024031
024032
022941
014191
014192
014193
014194
014195
014196
051107
051105
051106
060207
032968
032341
032342
061646
052518
020637
023151
023152
023153
023154
023155
023156
052227
023437
023438
031821
031822
031823
023326
050352
060239
050522
014579
050682
052425
052426
051365
012145
012146
021965
021966
040708
011016
011018
011011
011012
011013
011014
011015
011017
013541
023392
030239
011571
011572
011573
011574
051191
051192
051193
051194
051195
051196
020317
061026
014277
021055
021056
041418
020347
061213
013371
013372
060616
020031
020032
020033
020034
020035
020036
020037
020038
020039
061038
061039
052782
052471
021199
061921
061922
061923
061924
061925
061926
023496
023497
031115
031111
031112
031113
031114
030215
030216
021486
030593
014371
014372
010851
010852
010853
010854
031731
031732
031733
031734
031735
031736
031737
031738
031739
031741
031742
031743
031744
031745
031746
031747
031748
031749
031751
031752
031753
031754
031755
031756
031757
031758
031759
031761
031762
031763
031764
062295
030859
022815
020025
020026
011437
011438
050068
040231
040232
040233
040234
040235
040236
040237
040238
040241
040242
040243
040244
040245
010603
010604
013995
031485
062159
022936
041654
012091
050485
050486
050487
050488
020315
061641
061642
061643
061644
061645
051746
051513
011154
011155
030057
012111
010536
010537
032136
020047
020048
020041
020042
020043
020044
020045
020046
052761
014211
014212
014213
014214
014215
030042
011561
011562
011563
011564
014141
014142
014143
014144
014145
014146
061521
061522
060133
060134
012271
012272
062161
052072
022201
022202
022203
051483
021518
014624
014625
014626
060568
030161
030162
020912
020913
020914
020915
020916
020917
020918
030163
030164
030165
020921
020922
020923
020924
020925
020926
011163
023801
023802
023803
023804
030871
012321
012322
012323
012324
012325
051996
014601
014602
023815
023816
052546
052191
051586
051584
062383
052348
014572
022301
062315
062316
012265
012266
012234
051747
014162
022966
022967
030254
030255
041065
013591
022741
061432
033061
033062
033063
033064
010787
010783
010784
010785
010786
041039
010614
010611
010612
010613
010615
010616
010617
013247
013248
032985
030611
030612
030613
030614
030615
030616
030617
030618
030619
030621
030622
030623
030624
030625
030626
030627
030628
030629
030631
030632
030633
030634
052486
023387
030109
011241
023078
020533
020531
020532
021011
021012
011691
011692
011693
011694
040971
040972
040973
040974
040975
021956
021957
022691
040545
042055
042056
011381
031528
040852
031847
031848
021357
021351
021352
021353
021354
021355
021356
022302
021741
021742
021743
021744
021745
014344
014345
014346
014347
012219
022927
022303
013978
013977
062155
040407
040408
040409
060857
060622
060621
060858
041248
021797
021798
013988
031465
014164
052654
060212
052783
041067
032903
062345
062346
061494
042169
030803
030801
030802
032929
013367
013368
032127
062257
050267
011239
011235
011236
011237
011238
051964
051965
050349
050348
042182
051372
030361
030362
030363
030364
030365
030366
030367
030368
030371
030372
030373
030374
030375
030376
030377
051374
051375
051376
051377
051378
051379
051587
032513
032514
010031
010032
010033
010034
010035
010036
010037
010038
010039
013861
013862
013863
013864
062021
062022
062023
062024
062025
062026
062027
014648
014647
022953
022954
022955
022956
051764
021201
021202
022986
022987
060405
041484
051968
023391
023073
023074
023075
023076
022742
012222
012223
060128
052232
052233
031145
031838
031839
060371
060372
060373
060374
060375
060376
060377
060378
060379
060381
060382
020261
020262
020263
020264
032486
032487
032488
014111
014112
030845
030844
050865
050687
011997
011998
061452
050874
061181
061182
061183
021241
021242
023295
023294
031055
014275
031405
031406
031407
031408
042021
042022
042023
042024
040593
011875
011876
020778
020779
041208
012311
021979
060948
023771
030991
030992
030993
030994
030995
011058
011059
052775
051585
022181
022182
022183
022184
022185
013854
013855
061028
061011
061012
061013
061014
061015
061016
061017
061018
061019
061021
061022
060643
060961
060962
060963
060964
060965
060966
060967
060968
060969
060971
060972
060973
060974
062075
062076
062077
062078
062079
012616
012617
042173
041024
041025
041021
041022
041023
060833
060834
060835
060836
060831
060832
041245
060754
011857
011858
020333
052625
060837
042096
062385
021503
021504
033052
060636
060216
031872
052423
011605
011606
061741
061742
061743
061744
033055
033107
052041
052042
052043
052044
040185
023334
031122
041558
051569
052206
052205
021561
021562
021563
022623
022624
052241
052242
051454
012241
012242
022141
022142
022143
022144
022145
022146
022147
022151
022152
022153
022154
022155
022156
022157
022158
031432
060669
060667
014631
060668
014632
012381
012382
012383
012384
012385
012386
012387
012388
012389
012391
012392
012393
012394
012395
012396
012397
012398
012399
012401
012402
012403
012404
012405
012406
012407
020241
020242
020243
020244
020245
020246
013231
013232
022595
022596
052163
061463
041784
041785
041786
041787
041788
041789
060566
052786
033074
010592
010593
031311
022998
041573
062235
051451
032389
040271
021529
021811
042081
022253
022254
022255
022256
022257
041935
041936
041425
052655
032536
032017
010259
060236
050751
052619
023415
062397
041212
022293
011287
051132
021103
021104
013349
013343
013344
013345
013346
013347
013348
024103
024104
051564
021792
021793
012261
060906
033012
041053
052249
052245
052246
052247
052248
040804
050673
022706
022707
022708
022709
032525
032526
032521
032522
032523
032524
013776
014303
012196
012197
052829
012733
031824
031825
031826
031167
021924
021925
021926
051707
060325
060323
060324
041089
041714
032047
052531
021875
021876
021516
021517
012131
012132
031506
051036
010295
010296
010653
010654
022647
022946
023275
021865
021866
031574
011551
011552
011553
011554
030789
022431
052617
030781
030782
011361
011362
011363
011364
011365
011366
011367
011368
011491
011492
011493
050527
022651
010645
010646
010667
010668
060613
060617
060614
051779
051775
051776
051777
051778
010191
010192
010193
010194
010195
010196
020691
030945
011291
011292
011293
011294
052366
052367
052368
031881
032021
022362
014392
014361
014362
023041
023042
022176
022177
023625
014035
032435
032436
032437
032431
032432
032433
032434
014036
052488
052487
014265
031411
023413
040792
011165
051074
051075
060895
060856
012613
021198
021151
021152
021153
021154
021155
021156
021157
021158
021159
021161
021162
021163
021164
021165
021166
021167
021168
021169
021171
021172
021173
021174
021175
021176
021177
021178
021179
021181
021182
021183
021184
021185
021186
021187
021188
021191
021192
021193
021194
021195
021196
021197
050347
012647
051718
052244
041252
020706
041391
041392
041393
030244
030245
030246
030247
022337
022339
031508
012788
010474
010475
030651
051073
011273
011274
013768
023441
023442
023443
023444
050797
020557
010021
030092
042168
023695
061471
021861
021862
031701
031702
061601
061602
061603
061604
061605
061606
052254
032141
040194
040193
032142
014152
052753
042078
051545
032861
032862
032863
032864
052092
051423
051424
010631
010632
012255
050318
011471
011472
011473
011474
020339
030688
030689
011711
011712
011713
011714
011164
022785
060624
050701
060501
060502
060503
060504
060505
060506
060507
060508
060509
060511
060512
060513
060514
052831
020951
020952
020953
020954
051711
052755
052756
052757
052758
052759
052832
061486
030394
030395
030396
012177
012178
030601
030602
030603
030604
030605
030606
030607
030608
014619
023475
023476
023477
023478
013326
013327
013328
013329
021971
021972
021973
021974
021975
021976
021843
021844
020781
020782
020783
020784
062277
051083
061485
050867
050866
013265
013266
050278
040181
011661
011662
041094
041095
041367
041368
022701
022702
022703
022704
022705
022626
022627
032108
031121
060586
060587
060588
060589
051568
031496
012675
012671
012672
012673
012674
060772
041563
031416
014573
052778
020657
021794
021795
021796
024098
024096
024097
021417
040548
042079
011878
051241
051242
051243
061987
031703
040531
050141
040532
050142
051246
040935
052258
031132
013071
013072
013073
013074
010885
023069
013511
013512
060111
060112
060113
060114
060115
014131
060625
030094
030095
030096
041681
041682
041671
041672
041673
041674
041675
041676
041677
041678
023311
023312
050284
050285
050286
050287
032732
032733
032734
032735
062156
062157
062158
051086
060561
014591
050794
022263
022264
022265
022266
051311
051312
051313
051314
010598
010599
013308
062041
062042
051155
051156
051605
060331
060332
060333
060334
060335
060336
060337
060338
060339
060341
060342
060343
060344
060345
060346
011557
011993
011994
050864
051063
032143
052633
052632
022811
022812
022813
022814
060975
032977
014154
060139
042183
012707
012708
012051
012052
010341
041031
041521
041522
041523
041524
041534
041535
041536
041537
013081
013082
013083
013084
032578
061771
061772
012581
012582
012583
012584
012585
012586
041233
031831
031832
031833
031834
031835
031836
031837
023664
023665
023666
023667
023668
023669
032876
010197
010198
021731
021732
021733
021734
023331
021984
021985
021053
021054
014627
052093
031575
060311
010827
010828
040726
040727
040728
040729
023421
023422
061032
061033
040277
031841
013748
013749
051101
051102
051103
051104
051976
051977
051978
062325
062326
033083
011621
011622
012575
012576
012577
012578
060642
051261
051262
051263
051264
051265
051266
040257
033046
032576
022992
022688
022689
060137
060136
023265
023266
032961
032962
032963
032964
023655
030592
031426
052768
022942
031098
022755
022756
022751
022752
022753
022754
032996
051703
051704
051705
051706
052512
023739
051449
061152
061153
061154
061155
061156
061157
061158
061159
022333
014651
051482
013571
013572
013573
013574
031605
061423
061422
013519
040557
040558
060141
011051
011052
011053
011054
011055
011056
011057
040331
040281
040282
040283
040284
040285
040286
024013
010401
010402
010403
010404
010405
010406
010407
020051
020052
020053
020054
020055
020056
020057
010411
010412
010413
010414
010415
010416
020061
020062
020063
020064
020065
010485
032998
031312
062213
052548
013279
013277
013278
052363
031313
051919
011103
040095
014133
014134
012018
052771
052772
031931
031932
031933
031934
031935
031936
033054
041264
021508
011715
011716
010913
010914
010995
023125
023126
023127
023128
052638
010542
010543
040807
051251
051252
051253
051254
050491
050492
050493
050494
050451
050452
050453
050454
050455
050456
013294
013295
052172
050177
042184
060213
023081
023082
052547
013875
013876
013877
013878
051098
023823
060842
060843
060844
060845
040441
041243
050261
052828
013053
013054
041124
041121
041123
042157
042105
042158
042156
041127
042155
042191
041126
042154
042196
042193
042153
042195
041128
041122
042194
042192
051563
042091
062043
062044
062045
062046
062047
040163
013515
013516
032048
060861
060862
060863
060864
060865
060866
060867
060868
060869
060871
060872
060873
060876
060874
060875
023716
030961
030962
030963
030964
030965
030966
030967
030968
030969
030971
040179
041565
022639
031509
021235
062339
061431
023268
052529
012281
012282
012283
012284
011351
011352
011353
011354
011355
030924
030925
024101
024102
023411
023412
023731
023732
023733
022351
022352
022353
022354
022355
022356
062087
062088
062089
023393
023371
051974
012561
012562
033078
051087
051088
030658
031024
010147
011848
011849
012541
012542
012543
012544
042131
042132
042133
050504
050502
050503
060307
011095
011096
021113
032911
032912
032913
032914
042135
020651
020652
020653
020654
020655
020656
031894
021458
021215
021216
051514
060981
060982
060983
060984
060985
060986
060987
060988
060989
060991
060992
060993
060994
013401
013402
013403
013404
020634
040997
020971
020972
040337
010891
010892
041555
022161
022162
052754
031555
012148
050354
023966
041361
041362
041363
041364
041365
041366
031695
031314
051796
022934
031056
041529
021101
021102
014556
013523
013524
051134
031892
011087
011088
011089
031233
031234
010937
010938
012691
012692
023405
022821
022822
022823
022824
022825
022826
022831
022832
022833
022834
022835
022836
022837
022838
022839
020231
012991
012992
030051
030052
030053
030054
030055
030056
014381
062214
010025
010026
031097
022805
022806
050763
022251
022252
022341
022342
022343
013761
013762
013763
013764
013765
013766
013767
010886
010887
020177
030998
051214
011401
011402
011403
011404
020573
051071
014621
052224
020621
020622
020551
020552
020553
020554
052343
052344
052341
052342
031653
031654
052153
052151
052152
033025
033026
033027
033028
041503
031874
040866
040867
050333
012683
012684
020889
050033
050034
050035
010941
010942
040261
020561
020562
010781
010782
041527
041528
020476
020477
020478
020479
051811
051812
051813
061994
020181
020182
032105
023714
023715
051712
051713
051714
051715
051716
051717
012291
012292
012293
012294
012295
012296
052559
010551
010552
010553
010554
010555
010556
010557
010558
010559
010561
010562
010563
010564
010565
010566
010567
010571
010572
010573
010574
010575
010576
010577
010578
010579
010581
010582
010583
010584
010585
010586
010587
010588
011408
041686
041683
041684
041685
051037
052472
050565
052614
013771
011024
020743
020744
020745
020746
020747
020748
031168
051601
050223
050224
060764
013835
013836
032853
032854
032855
032856
032031
050385
042166
051426
011435
011436
050578
050579
040177
052639
032542
062294
051748
060899
060894
060881
060882
060883
060884
060885
060886
060887
060888
060889
060891
060892
060893
051999
013203
013204
013205
013206
013207
013201
013202
031133
031531
031532
031533
031534
031535
031536
031537
031538
031539
031541
031542
031543
020521
023016
012071
012072
031877
031891
031893
060604
060605
041276
052357
052358
061416
061417
061418
011071
011072
011073
011074
011075
011076
011104
032089
040081
052618
031081
031082
031083
031084
031085
031086
031087
031088
033091
033092
033093
033094
060603
013411
013412
013413
013414
041662
041663
041664
041665
013101
013102
013103
013104
051141
051142
051143
051144
051145
051146
051147
051148
051149
051151
051152
051153
051154
020461
020462
020463
020464
040778
040779
042115
061571
061572
041397
041398
023711
023712
052329
020766
022968
022969
023131
023132
023133
023134
051911
051912
051913
051914
042095
032932
032106
013565
013566
013567
013568
030596
041567
051915
051916
051917
051918
012846
012847
012848
012849
012911
012912
012913
012914
012915
012916
012726
012727
012728
012729
060626
052554
021471
021472
014021
051558
050206
050207
013145
013146
051447
012659
033053
050843
052523
010017
010018
020645
020646
020647
020648
050038
050036
050037
052382
010153
010154
013263
013264
032976
061063
031169
023251
023252
023253
023254
051462
023481
023482
023653
060956
030201
013989
014242
014304
050031
031871
010947
010948
013311
013312
013313
013314
022531
022532
020079
010511
010512
010513
020071
020072
020073
020074
020075
020076
020077
020078
010514
010515
010516
010517
010518
020081
020082
020083
020084
020085
022989
042082
042083
023061
023062
023063
023064
052595
050831
032091
032092
024065
024066
012174
012175
012176
050886
010289
010301
010302
010303
010304
010305
010306
010307
010308
060634
052032
051456
010292
010293
010148
040183
021539
021511
021512
020755
020751
020752
020753
020754
011611
011612
013481
013482
013483
013484
013485
013486
014022
014122
032116
013237
013238
013911
033021
033022
033023
033024
052359
041421
050471
050472
050473
050474
050511
050512
050513
050514
050515
060125
010291
022681
022682
022683
022684
062225
062226
062227
031868
060798
052636
052634
052635
032101
032102
062309
052157
032951
040765
051556
022697
022698
012101
012102
012103
012104
010258
013471
013472
013473
013474
040553
050182
040554
050183
022501
022502
022503
022504
020331
020332
060821
060822
060823
060824
060825
041078
010629
014603
014604
022947
012851
012852
012853
012854
060306
040782
040783
012698
040786
040787
062292
010897
010898
022854
040693
040694
041109
021221
021222
021223
021224
021225
021226
023338
022735
022736
022737
022738
052545
052541
052542
052543
052544
051781
051782
051783
051784
030816
013185
013186
013181
013182
013183
013184
020669
060637
060612
060611
060639
060615
060638
021801
021802
021803
021804
021805
062196
020103
020104
052781
013301
013302
014181
014182
014183
014184
014185
014186
014187
011042
011031
011032
011033
011034
011035
011036
011037
011038
011039
011041
022971
021381
021382
021383
021384
021385
021386
021387
021388
021389
021391
021392
021393
021394
021395
021396
021397
021398
051851
051852
051853
051854
051855
051856
051857
051858
051859
051861
051862
051863
051864
051865
051866
051867
051868
051869
051871
051872
051873
051874
023846
012112
012113
012206
012207
032561
032562
032563
032564
032553
032554
032555
032556
030686
030687
020342
013971
013972
013973
013974
013975
041267
020545
020546
060757
030866
031651
031652
051421
030804
030805
060301
060302
010605
020961
020962
030107
030108
062394
011776
060368
060665
014635
060666
014636
032174
041277
052627
032111
032112
032113
032114
032061
032062
032063
032064
032065
032066
032067
014322
052534
052597
032997
051488
013087
052834
051131
061996
062259
062261
062262
062263
062264
062265
041271
060977
052013
052562
014451
014452
014453
014454
014455
014456
014457
014458
014459
014461
014462
014463
014464
014465
014466
014467
014471
014472
014473
014474
014475
014476
052381
012114
012115
030252
030253
042085
042086
042087
042088
052046
052223
012263
012264
022585
022586
022587
022588
062313
062314
021431
021432
021433
021434
052405
010951
010952
050225
051841
051842
051843
051844
031191
024052
031185
031171
031172
031173
031174
031175
031176
031177
031178
031179
031181
031182
031183
031184
023885
021881
021882
051749
012875
012876
012877
012878
013785
060995
011631
011632
011633
011634
052441
052583
030093
030101
030102
030103
030104
030105
030106
010287
010288
020785
020786
060562
014592
051095
040731
040732
040733
040734
012713
012714
060367
032926
061064
052642
052643
052473
023263
023264
052231
051942
013976
040584
022601
022602
010989
010985
010986
010987
010988
041961
041962
041963
041964
041965
041966
041967
022977
012163
012164
050684
050685
021535
021531
021532
021533
021534
040697
012083
012084
012085
012086
032173
060232
051552
013786
050885
031507
060644
022336
022311
022312
022313
022314
022315
022316
022317
022318
022319
022321
022322
022323
022324
022325
022326
022327
022328
022329
052838
051995
052826
061052
010899
061492
021883
021884
030086
030087
030088
030089
014132
050208
011305
011306
020575
050215
021464
030043
022743
052094
012125
012126
022603
022604
050219
020361
020362
011407
030895
030711
030712
060075
013711
032991
032992
032993
032994
032995
010858
010859
010855
010856
010857
050689
040555
020334
021746
021747
051565
020221
020222
020223
020224
020225
020226
051239
051231
051232
051233
051234
051235
051236
051237
051238
050791
013353
013354
051355
022591
022592
040513
040514
052439
011066
051486
051485
051469
052253
060135
052369
052656
013091
013092
030917
060661
014641
060662
060663
014642
060664
022597
022598
013789
040821
040822
040823
040824
040825
040826
040827
040828
051076
051077
062162
050683
023414
031141
031142
031143
031144
013721
013722
013723
013724
013725
013726
061651
061652
061653
061654
041955
041956
041957
041958
041219
022645
022646
022543
022544
052313
020597
012551
012552
012553
012554
011735
060116
060117
060308
040131
040132
040133
040134
024033
024034
021707
021761
021762
020027
042114
022721
022722
041562
061716
061717
061691
061692
061693
061694
061695
061696
061697
061698
061699
061701
061702
061703
061704
061705
061706
061707
061708
061709
061711
061712
061713
061714
061715
030806
041974
041975
041976
013881
013882
041227
023811
023812
052616
050875
050876
031895
050231
050226
023394
023395
023396
023397
060202
060201
052422
011531
011532
011521
011522
011523
011524
030429
052173
022516
022511
022512
022513
022514
022515
014106
032547
032544
032545
032546
032445
032446
032447
032448
030044
030045
030046
023701
023702
023703
023704
023705
023706
023707
023708
023709
023761
023762
052823
052821
052822
023652
051401
051402
051403
040751
040752
040753
040754
052837
041246
020571
020572
060898
051404
014163
062249
062241
062242
062243
062244
062245
062246
062247
062248
050677
041715
041716
050282
023864
023865
022304
021958
014633
060251
060252
060253
060254
060255
060256
060257
060258
060259
060261
060262
060263
060264
060265
060266
060267
060268
060269
060271
060272
060273
060274
060275
060276
060277
060278
060279
060281
060282
060283
060284
060285
060286
060287
060288
060289
060291
060292
060293
060103
031518
010594
010595
032581
032582
032583
032584
050371
040651
040652
040653
040654
040655
040656
040657
040658
040659
040661
040662
040663
040664
040665
040666
040667
040671
040672
040673
040674
040675
040676
040677
040678
040679
040681
040682
040683
040684
050296
040141
040142
040143
040144
040145
040146
013801
013802
022338
051476
041211
022573
022574
051206
051207
014128
020211
020212
020213
020214
020215
020216
023824
013281
013282
013283
013284
013285
013286
013287
013288
023828
041041
041042
041043
041044
013043
013044
013045
013046
060565
014595
014596
030981
030982
030983
030984
030985
012017
052095
052096
061481
030812
030813
032781
032782
032783
010861
010862
010863
010864
010865
010866
010867
010868
010869
010871
010872
010873
010874
011301
011302
011303
011304
010285
010286
060241
060242
060997
033031
033032
033033
033034
013011
013012
013013
013014
062228
052019
022612
022613
022614
022615
022616
022617
052491
052097
051281
011951
011952
052549
041038
052362
012625
012626
012627
012628
032144
041473
062268
062269
041991
041992
041993
041994
041564
040182
060577
060595
060596
060597
060598
052236
013955
031694
050111
050112
031511
031512
052271
052442
040941
040942
040943
040944
040945
040946
020313
012649
012648
021903
041273
050277
020105
020106
020107
020108
012224
012225
020109
050598
031696
051751
032022
042093
042094
011921
021927
021928
040777
051271
051272
051273
051274
010476
010477
030431
030432
030433
030434
030435
030436
030437
030438
030441
030442
030443
030444
030445
030446
030447
030448
030451
030452
030453
030454
030455
032875
051495
021476
062223
062224
050268
010701
010702
010703
010704
010705
010706
010707
010708
010709
010711
010713
010714
010715
010716
010717
010718
010719
010721
010722
010723
010724
010731
010732
010733
010734
010735
010736
010737
010738
010741
010742
010743
010744
010745
010746
010747
010748
010751
010752
010753
010754
010755
010756
010757
010758
010759
010761
010762
010763
010764
010765
010766
010767
010712
013063
013064
032945
032946
032947
032948
052393
021891
021892
060753
060751
060752
023307
023308
021105
021106
052388
052389
031671
060576
032605
032613
032604
032612
031867
032602
032601
032607
032591
032592
032593
032594
032595
052773
041281
051494
032603
032606
032611
032596
032597
032609
032336
032337
032338
032339
032094
032608
061465
022723
022724
052251
010893
010894
050027
050028
050029
051407
011777
052161
052162
011501
011502
011503
011504
011153
020649
024048
030641
024049
030642
061581
030118
021118
010725
014557
021904
031057
062393
062163
062164
052101
030064
040586
040587
060851
010174
010175
010176
013057
013058
051373
050567
050568
010837
010835
010836
040571
050197
040572
050198
042125
040703
052615
052408
033071
022344
022345
022346
022347
021991
021992
021993
021994
040766
022194
022195
031409
041571
011985
011986
011987
011988
023386
023381
023382
023383
023384
023385
021584
021585
013991
011161
011162
040567
050195
040568
050196
011981
011982
011983
011984
051501
051551
050586
050587
051455
012181
012182
012689
022171
022172
022173
022174
022175
021541
021542
022633
022634
021821
021822
021823
032511
032512
032475
013891
042067
032033
011965
012203
010833
010834
030465
030466
030467
021377
021378
032984
031566
052159
031317
023011
023012
023013
023014
062209
012971
012972
012973
012974
060578
013163
013164
013161
013162
011623
011624
011625
011626
030231
030232
030233
030234
030235
030236
030237
030238
014578
040917
040911
040912
040913
040914
040915
040916
011999
013381
030884
012621
012622
012623
012624
052267
052261
052262
052263
052264
052265
052266
022101
050178
041481
041482
041483
050384
061351
023267
052571
052572
052573
052574
052575
052576
052577
052578
052579
052567
052035
060755
023333
012249
050319
011277
011278
060998
032161
024051
021361
021362
021363
021364
011731
011732
011733
011734
011741
011742
011743
011744
011745
011746
032921
032922
032923
032924
051821
051822
051823
051824
020757
021711
021712
021713
021714
021715
021716
021717
021718
021719
021721
021722
021723
021724
021725
021726
021727
021728
021729
041551
041552
041553
041554
041485
050314
051341
051342
051343
050538
052018
014394
020451
020452
020453
020454
020455
020456
020457
020458
020459
033049
040756
052586
062177
062178
012618
012619
013784
062193
062191
062192
020749
013871
013872
013873
013874
051785
051786
051787
051788
051789
041347
050044
050045
022744
021824
021825
051064
051065
040721
051157
051158
051159
041221
011671
011672
011673
011674
051971
051972
051973
013788
032131
032132
032133
032134
032135
032121
032122
032123
032124
032125
032126
060461
060627
052333
052334
052335
052336
052331
052332
052054
014302
022305
023173
023174
012193
012194
040011
050091
050092
050093
050094
050095
050096
050097
050098
050099
060041
060042
060043
060044
030099
050081
050082
050083
050084
050085
050086
050087
050088
050089
010271
060021
060022
060023
060024
060025
060026
060027
060028
060029
060031
060032
060033
032902
032891
032892
032893
032894
032895
032896
032897
032898
032899
032901
041218
023886
023718
023717
021474
021475
021013
021014
012417
051559
062207
010919
014618
060853
041262
023065
023066
023067
023068
032095
052516
052517
020465
041224
041223
040813
010125
021863
021864
021841
021842
021833
021834
021835
021836
050377
050376
032391
032392
032393
032394
032395
032396
010996
013811
013812
013813
013814
012204
012205
042018
042036
042037
042038
042039
023673
023674
023675
023676
023677
023678
023679
041937
011371
011083
011084
052582
050572
050573
030652
030653
013821
013822
013823
013824
061434
061433
020325
020635
020636
050378
014645
052185
051816
051817
010437
010431
010432
010433
010434
010435
010436
021983
032034
032035
050597
031031
031032
031033
031034
032981
051247
050686
024059
024058
040178
022426
022427
023495
013271
013272
042071
042072
042073
042074
042075
062312
021143
021142
033072
011935
011936
011937
011938
012121
012122
011555
011556
023855
023856
051032
051021
051022
051023
051024
051025
051026
051027
051028
051029
051031
041388
023741
023742
060629
040542
040543
040544
011545
011546
011547
011548
031941
031942
031943
031944
031945
031946
031947
031948
031949
061911
061912
060978
020979
020973
020974
020975
020976
022902
022903
011247
011248
060304
060305
052533
023638
030251
022948
060494
014561
060495
014562
013249
013251
013252
013253
013254
013255
013256
013257
013258
013259
050561
050562
050563
050564
060567
040896
040891
040892
040893
040894
040895
022726
040901
040902
040903
040904
040905
040906
041036
041037
041034
041035
040881
040882
040883
040884
040885
041411
041412
041413
041414
041415
041416
041417
050201
050202
050203
052785
012511
012512
012513
012514
040294
032982
031603
042171
030923
030921
030922
050164
023696
013893
013894
013895
013896
031503
062275
062276
032493
032494
032495
032496
032497
032498
032499
032501
032502
032503
032504
032505
040853
052102
013805
051354
051406
031845
010534
042161
042162
051292
012881
012882
012883
012884
012885
012886
012887
012888
051427
041247
011218
013211
013212
013213
013214
013215
013216
013217
013218
013219
013221
022643
022644
031846
042084
050588
011717
031102
023755
023756
023757
023758
023759
014623
023336
014216
051115
010461
010462
010463
050374
051293
020101
020102
040116
040117
040118
040119
060104
023105
023106
023107
023108
020345
020346
020658
024037
024038
011341
011342
011343
011344
011345
011346
011347
011509
011505
011506
011507
011508
050528
050101
050102
050103
050104
050105
050106
050107
050108
050064
050065
050066
050067
030701
030702
030703
030704
030705
030706
030707
030708
031334
031321
031322
031323
031324
031325
031326
031327
031328
031329
031331
031332
031333
022962
022963
052493
052494
052552
052443
023697
021052
032865
032866
032867
032868
022692
032978
051126
060841
052259
052285
052648
051733
051734
051735
041081
050353
014109
010535
010544
013783
020371
020372
020373
020374
020375
020376
020377
020378
020381
020382
020383
020384
020391
020392
020393
020394
020395
020396
020397
052657
060593
060594
062299
022334
022897
010464
012251
012252
032088
041353
041354
041355
041356
012947
012948
012949
012951
012952
012953
012954
012955
012956
012957
041028
041026
041027
051752
023091
023092
023093
023094
023095
023096
050861
023055
023056
023057
023058
031134
060215
010661
010662
010663
010664
010665
010671
010672
010673
020491
020492
020493
020494
020495
020496
020497
020498
020499
020501
020502
020503
020504
020505
020506
020507
020511
020512
020513
020791
020792
020793
020794
062217
062218
062219
052765
023171
023172
021871
021872
022377
022378
010201
010202
023825
032532
032533
032085
032086
032081
032082
032083
032084
014266
022957
022958
061045
040551
040552
014581
014582
014583
014584
052322
023626
023627
023628
013912
012865
012866
012867
012868
052377
052378
041254
012821
012822
012823
012824
012825
012826
052522
042177
061661
061662
061663
061664
061665
061666
061667
061668
012612
032077
033082
052017
042172
032097
050842
040321
040322
040323
040324
040325
040326
040327
040328
012186
012571
012572
012573
012574
061476
011151
011152
051941
012687
012688
022693
022694
020633
030814
023261
023262
013517
013518
010976
032348
032349
040288
021887
021888
020555
020556
050463
050464
050465
050466
052623
032449
042186
013047
013048
051123
051124
051121
051122
030929
051061
051593
031401
031402
031403
031404
032104
013531
013532
040127
050703
040128
040129
050706
050707
040541
041423
031641
031642
031643
040308
021047
030894
031266
052509
013622
052641
012855
012856
012857
012858
013267
013268
061145
061141
061142
061143
061144
012425
012426
012427
012428
023651
050872
050871
051882
022281
031058
020217
020218
032506
032507
010888
010889
030153
050071
030031
030032
030033
030034
050072
030035
030036
030037
030038
030039
052047
021421
021422
011787
050541
050542
050543
050544
011166
032313
051422
022533
022534
022535
022536
023483
023484
023485
023486
013228
013229
040413
040507
040508
052451
052452
052453
052454
052455
052456
052457
052458
052459
052461
052437
052431
052432
052433
052434
052435
052436
021111
021112
031504
052081
052082
023879
023878
022417
022418
020581
020582
020583
020584
020585
020586
020587
020588
031211
031212
031213
031214
030655
030656
011761
011762
011763
011764
013544
013545
013546
013547
020358
020359
023875
032162
032163
032164
032165
032166
032167
032168
032171
032172
012253
012254
011275
011276
031473
030697
030691
030692
030693
030694
030695
030696
060244
050859
052226
052225
023957
023958
033081
051562
012213
012214
012215
012216
014607
014608
012211
012212
031852
031853
031854
031855
031856
040981
040982
040983
040984
040985
040986
040987
040988
040989
040991
040992
040993
040994
021487
061131
061132
061133
061134
061135
020595
020596
040701
022961
040762
032093
042014
042011
042012
042013
032358
032715
032716
032712
032713
032714
062016
062013
062014
062015
032361
032365
032362
032068
023347
023348
023345
023346
032356
032351
032366
032363
032147
031059
032717
032711
041108
032353
032355
032357
032367
032352
062035
062036
062037
032354
032359
032369
010849
060633
021233
021234
021231
021232
023995
021507
023631
023632
023633
051405
031136
031135
052499
033086
013304
013305
013306
013307
051571
051572
051573
051574
051575
020021
010455
010456
010457
020022
010458
010459
040592
013753
013754
010161
010162
010648
060142
022192
030058
010895
010896
010591
013932
013933
013934
013935
013936
013937
011028
012555
012556
014135
011785
013745
013746
013747
031581
031582
013041
013042
010321
010322
010323
010324
010325
010326
010331
010332
010333
010334
010335
010336
010337
033065
033066
033067
033068
022583
022584
022791
022792
022793
022794
022795
022796
061053
011242
011243
023721
023722
023723
023724
023725
012693
012694
021243
021244
021245
021251
021252
023813
023814
010022
051921
051922
051923
051924
022629
022628
011047
011048
032315
032319
032318
032314
013095
013096
013521
013522
023332
032148
014644
021399
012449
021995
021996
031093
031094
051091
051092
052213
040759
061071
061072
061073
061074
061075
061076
061077
061078
061079
061081
061082
061083
061084
061085
061086
061087
061088
061089
061091
061092
061093
061094
061095
061096
061097
061098
061099
061101
061102
061103
061104
061105
061106
061107
061108
061109
061111
061112
061113
061114
061115
061116
061117
061118
061119
061121
061122
061123
061124
061125
061126
061127
061128
061129
020324
011233
011234
061216
061217
050583
021922
021923
010442
010443
010444
010445
010446
010447
021851
021852
021853
021854
021855
021856
021857
012725
041486
010831
010832
062311
052506
041032
050046
061424
061524
061525
031875
024055
012481
012482
012483
012484
052591
052592
052593
052594
023874
032098
032928
013945
013946
013947
013948
050795
060121
050796
060122
011285
011286
021931
021932
021933
021934
050481
050482
050483
040802
051804
060773
012606
012607
012608
012609
041465
020983
020984
020985
020986
021123
021124
021125
021126
021127
021128
021131
021132
021133
021134
021135
021136
021137
020341
060237
022011
022012
050227
021463
021461
021462
020321
021451
021452
021453
021454
021455
021456
021457
050305
013716
013717
030181
030182
052022
020692
020693
042176
030817
022995
032305
032306
032307
050315
010925
010926
051464
014554
033076
014565
014566
012147
023857
023858
021681
021682
021701
021702
021703
021704
021705
021706
050323
014231
014232
014233
014234
014189
014311
013438
013439
013441
013442
013443
013444
013445
013446
013447
013448
021812
061215
032933
032934
032935
032936
030773
030771
030772
012247
011459
013141
013142
012246
012245
012248
050212
050213
010155
052839
012075
012076
040251
040252
040253
030986
040254
040255
040256
030987
011907
011908
011461
011462
011463
011464
011465
011466
011467
011468
020563
020564
051054
051041
051042
051043
051044
051045
051046
051047
051048
051049
051051
051052
051053
062308
062301
062302
062303
062304
062305
062306
062307
052658
042031
042032
042033
042034
042035
032099
041241
041242
032316
032317
012531
012532
012533
012534
021425
021426
021427
021428
032149
061046
061047
052314
052315
061027
023963
030553
023961
030554
023962
052424
014611
014612
014613
014614
013177
013178
060897
024087
024083
024084
024085
024086
022699
030646
011397
022924
012695
013803
013804
014638
014639
060541
060542
060543
060457
060458
060459
033079
040795
040796
023111
023112
023113
023114
023854
010361
010362
010363
010364
010365
010366
010367
022654
022655
022656
022657
022658
022659
013713
060852
052628
042102
041052
052283
052284
023049
061647
061648
012603
012604
051576
031124
031315
041831
041832
041833
041834
041835
041836
041837
050844
013892
011755
011756
012662
012663
012664
012665
022978
011458
010046
011043
011044
011045
014323
031229
012221
050174
051567
021538
021536
021537
012921
012922
012923
012924
012925
012926
051371
060591
060592
021346
021301
021302
021303
021304
021305
021306
021307
021308
021309
021311
021312
021313
021314
021315
021316
021317
021318
021319
021321
021322
021323
030301
030302
030303
030304
030305
030306
030307
030308
030309
030311
030312
030313
030314
021324
021325
021326
021327
021328
021329
021331
021332
021333
021334
021335
021336
021337
021338
021341
021342
021343
021344
021345
030315
030316
030317
030318
030319
030321
030322
030323
030324
030325
030326
030327
030328
030329
030331
030332
030333
030334
030335
030336
030337
051981
012985
012986
012987
012988
050041
050042
050043
011171
011172
011173
011174
011175
011176
011177
011178
011179
011181
011182
011183
011184
011185
011186
011187
011188
011189
011191
011192
011193
011194
011195
011196
011197
011198
011201
011202
011203
011204
011205
011206
011207
011208
011209
011211
011212
011213
011214
011215
032371
032372
032373
032374
032375
020234
024021
024022
024023
024024
013241
013242
060391
060392
060393
060394
060395
060396
060397
060398
060399
040276
012273
032953
030951
030952
030953
040711
040712
040713
040714
040715
040716
040717
040718
040719
010141
010142
010144
010145
012521
012522
012523
012524
012525
012526
021509
041405
041406
041407
041408
032877
011356
011357
011358
011359
022913
022914
012443
012444
032381
032382
032383
061224
061225
061226
061227
050841
013712
031215
031216
060762
060761
031235
051111
051112
012011
012012
012013
012014
012015
012087
012088
030661
030662
030663
030664
030665
030666
030667
030668
030669
012312
012313
011395
011396
041531
041532
041533
021759
050593
050594
061478
011097
011098
040162
011244
060127
012734
011541
011542
011543
011544
052752
051181
051182
051183
051184
012931
012932
012933
012934
012935
012936
040113
040111
040112
050193
050194
040503
040504
040563
040564
040565
040566
040501
040502
012901
012902
012903
012904
012905
012906
012907
040561
050191
040562
050192
052384
051353
040293
040771
040772
040773
040774
032346
032347
032344
032345
051038
041781
041782
041783
012185
060143
050239
040367
011924
011925
012436
012437
051831
051832
051833
051834
051835
011825
011826
014273
014271
014272
030709
023977
060563
062151
062152
062153
062154
014263
061238
061239
061237
061231
061232
061233
061234
061235
061236
061421
030902
030903
030904
030905
060483
060484
060485
023791
023792
023793
023794
023795
023796
041085
041086
052511
012741
012742
012743
012744
012745
012746
012747
012748
012751
012752
012753
012754
012755
012756
012757
040961
040962
040963
040964
040965
041821
041822
041823
041811
041812
041813
041814
041815
041816
041817
011963
011964
020758
010633
011216
011955
011956
011957
011958
031517
014395
060129
011469
020689
011885
011886
011887
011888
022451
022452
051108
011893
011147
032049
031221
031222
031223
031224
031225
031226
023021
023022
023023
023024
023025
023031
023032
023033
023034
023035
040135
031474
052175
031158
031159
031151
031152
031153
031154
031155
031156
031157
052418
032115
052662
051062
052103
033051
041079
031318
030141
030142
030143
030144
030145
030146
020851
020852
020853
020854
020855
020856
020857
020858
020859
020861
020862
020863
020864
020865
020866
020867
020868
020871
020872
020873
020874
020875
020876
020877
020878
030147
030148
030149
030151
030152
020881
020882
020883
020884
020885
020886
020887
020888
020891
020892
020893
020894
020895
020896
020897
020898
020899
020901
020902
020903
020904
020905
042145
050281
031521
031522
051773
051774
051577
020475
062369
013293
013291
013292
010961
010962
022196
022197
022198
022199
020251
020252
020253
020254
020255
020256
022291
022292
052177
031227
040594
041234
020541
020542
020543
020544
030491
030492
052827
060838
013913
042178
042103
020171
012761
012762
012763
012764
012765
012766
012771
012772
012773
012774
012775
012776
060312
023167
023168
052023
052024
052025
052026
060315
060316
013757
014023
033011
011021
011022
061467
060575
012274
012275
031842
031843
011841
011842
011843
011844
033029
014649
030397
030398
021753
021754
040526
030914
031711
031712
031713
031714
031715
031716
031717
061221
061222
061223
014114
052214
052411
011895
052158
010808
050337
031719
041093
014363
014364
014365
014366
041938
040191
013718
011871
011872
011873
011874
031466
013733
013734
014396
020995
020996
023601
023602
023603
023604
023605
013535
013533
013534
051282
030946
022193
052762
050521
013273
013274
011778
013319
013321
013322
013323
013324
013325
014653
050121
050122
040012
014482
012431
012432
012433
012434
013031
013032
013033
013034
013035
013036
041968
050805
060406
012535
012536
012537
012538
041104
052061
052062
052063
052064
052065
052066
052067
052068
020534
020535
020536
020537
052256
014107
014108
031604
012731
012732
013961
013962
013963
013964
023861
023862
032954
020185
020186
013361
013362
013363
013364
013365
013366
012633
012634
012635
012636
012637
012638
013227
013223
013224
013225
013226
011254
011255
011256
021951
021952
021953
021954
050276
051093
032011
032012
032013
032014
032015
032016
051721
051722
051723
051724
051487
060131
060132
031125
031126
032941
032942
032943
032944
050554
050552
050553
030775
030776
030774
011093
011094
022547
022548
011651
011652
011653
011654
011941
011942
011943
011944
041504
023951
023952
023953
023954
050301
050302
050303
050304
042185
023088
052221
061468
051445
051441
051442
051443
051444
061787
031041
031042
031043
031044
031045
031046
040295
012491
012492
012493
012494
012495
012496
041466
061484
031562
031601
031602
013527
013528
040767
040591
010522
052074
021873
021874
041797
041798
041799
050832
022332
014125
013997
030041
023051
023052
023053
023054
023291
023292
041541
041542
041543
041544
041545
041546
041547
041548
052052
060051
060052
060053
060054
060055
060056
060057
011217
014101
014102
014103
014104
031461
031462
061054
051725
051726
051727
051728
051729
040696
060521
060522
060523
060524
060525
031501
031502
052645
052646
013621
050381
050762
012591
012592
012593
012594
012595
012596
052507
050753
013865
013866
013867
013868
012871
012872
012873
012874
013021
013022
013023
013024
014301
061591
061592
061593
061585
061586
061587
041236
021565
021566
021567
021568
050531
050532
041235
022276
022277
062197
062198
062208
041266
021441
021442
021443
041721
041722
041723
041724
041725
041726
041727
041728
041729
041731
041732
041733
041734
041735
041736
041737
041738
041739
041741
041742
041743
041744
041745
041746
041217
031137
010981
010982
010983
010984
014367
022567
022568
060756
012941
012942
012943
012944
014011
020623
020624
031231
031232
013601
013602
013603
013604
013605
013606
013611
013612
013613
041046
041047
061218
052305
050143
032158
032159
032151
032152
032153
032154
032155
032156
032157
021213
021214
052391
052561
050355
052416
013373
013374
022561
022562
022563
022564
040278
050375
023871
023872
024056
024057
052075
052076
052077
060401
023257
023258
040196
040197
040198
040199
020764
020765
051979
030788
030784
030785
030786
030787
012841
012842
012843
012844
012845
041291
041292
041293
041294
041295
041296
041297
041298
041299
041301
041302
041303
041304
041305
041306
041307
041308
041309
041311
041312
041313
041314
041315
041316
041317
041318
041319
041321
041322
041323
041324
041325
041326
041327
041328
041329
041331
041332
041333
041334
041335
041336
041337
023817
023818
051951
051952
052031
051597
013315
013316
060462
060463
060464
060465
024053
024054
023772
023773
023774
023775
023776
050134
041054
052513
013769
041378
021217
021218
042136
040509
041063
041061
041062
020469
051133
042101
060071
060072
010953
010954
060073
060074
010955
010956
032925
051465
051466
051467
051468
010448
010449
050742
041804
041805
060901
060902
060903
060904
060905
022916
021551
021552
021553
021554
062395
051596
011767
011768
010203
010204
010205
050306
050307
050308
050309
051452
060123
060124
023561
023562
023563
023564
023565
023566
023567
023568
023569
010143
021941
021942
021943
021944
050216
051458
050179
022898
020977
020978
022572
040173
032491
032492
020589
041342
041343
041344
041345
041346
014032
022855
023313
023314
011383
011384
041249
013208
013209
013151
013152
013153
013154
013155
013156
013157
013158
020591
020592
020593
020594
022921
040096
023955
030551
023956
030552
013415
013416
013417
013418
032251
032252
032253
032254
032255
032256
032257
032258
032261
032262
032263
032264
032265
032266
032267
023337
021359
051753
052626
052346
032949
013391
013392
050664
050651
050652
050653
050654
050655
050656
050657
050658
050659
050661
050662
050663
052584
011881
011882
011883
011884
062211
030795
030796
042061
042062
042063
042064
042065
042066
023281
023282
022401
022402
022403
022404
022405
022406
021591
021592
021593
021594
021595
021596
021597
021598
021599
021601
021602
021603
021604
021605
021606
021607
021608
021609
021611
021612
021613
021614
021615
021616
021617
021618
021619
021621
021622
021623
021624
021625
021626
021627
021631
021632
021633
021634
021635
021636
021637
021638
021639
021641
021642
021643
021644
021645
021646
021647
021648
021651
021652
021653
021654
021655
021656
021657
021658
021659
021661
021662
021663
021664
021665
021666
051018
021419
031161
031162
031163
031164
031165
031166
032364
031201
031202
031203
031204
031205
031691
031692
031693
012201
012202
061488
013317
013318
023882
050298
041921
041922
012327
012328
012329
030843
030841
030842
011813
011814
011815
011816
011817
023851
023852
062253
062254
062255
062256
060928
060926
060927
061941
061942
061943
061944
061945
061946
052407
031443
031444
031445
031446
060221
060222
060223
060224
060225
023876
032071
032072
032073
032074
032075
032076
030872
050537
050533
050534
050535
050536
031519
020795
062086
062081
062082
062083
062084
062085
030354
030355
030356
030357
031863
040161
030206
032281
032282
032283
032284
032285
030647
021543
021544
050501
050297
052555
052556
023372
012191
012192
051135
032325
032326
031883
014382
062355
062356
062357
062358
014041
032719
032718
014043
014044
014042
061995
020311
060402
060403
061992
013858
013859
041471
041472
040698
040998
023866
040735
051461
031673
013914
051457
062343
062341
062342
031704
023043
023044
023045
023046
020348
020349
052238
052603
052601
052602
060607
060606
030183
030184
030501
030502
030503
030504
030505
030506
030507
030508
012715
012716
013222
052347
032376
032377
032378
062212
050113
050114
052553
052012
052215
052216
052171
031123
033056
012611
021955
051301
051302
051303
051304
022777
022771
022772
022773
022774
022775
022776
022781
022782
022783
022784
052269
023868
013772
013773
052481
021109
021107
021108
032955
010216
013165
013166
013167
013168
013169
013982
042116
051953
051954
051955
051956
051957
051502
052385
052386
022894
022895
022896
052174
032983
022364
022363
031864
052764
012605
032484
032485
051754
041557
031516
031514
031515
052011
014324
051477
023822
052751
060138
060896
052337
014622
062252
051474
022715
022716
022717
022718
032551
032552
010208
010209
041385
041386
052502
052501
041055
041719
022853
022891
022892
022893
022163
022164
022165
022166
022167
060925
062071
021227
052345
040803
011405
011406
032343
031591
031592
031593
031594
031595
031596
031597
031598
062296
062297
062298
032543
010541
061675
061676
061677
061678
041274
011891
011892
050495
023841
023842
013581
013582
042137
050581
050582
040829
051419
040195
011261
011262
011263
011264
011265
011266
012981
012982
012983
012984
051998
061491
020466
020467
051344
060321
022871
022872
022873
013298
013299
051316
051317
051318
051319
051493
061474
051603
010342
010343
010344
010345
023698
014243
052292
052291
041556
012601
012602
040296
050251
050252
050253
050254
050255
050256
021901
021902
060847
060317
060318
021813
023845
022593
022594
033077
013583
013584
012791
012792
012793
012794
012795
012796
012797
012798
012799
030887
010498
020219
060564
014593
014594
014251
014252
014253
014254
020111
014255
014256
014257
020112
041807
052316
052014
021837
021838
060839
013906
062336
062337
013922
013905
013924
013921
013923
013904
013903
013902
031884
013908
013847
013848
013844
040354
040401
040402
040403
040404
040405
040406
010927
010928
031062
031061
010451
010452
010453
010454
051481
051818
052294
052203
062215
062216
011382
013846
013843
013841
013842
013845
042106
012861
012862
012863
012864
041066
061035
061036
014397
023971
023972
023973
023974
023975
023976
050792
050793
052649
030645
013118
013119
014574
014575
052551
022286
022287
030495
052374
032784
032785
032786
011533
011525
011526
011527
011528
060601
060602
050051
010221
010222
010223
010224
010225
060011
060012
060013
050052
010231
010232
010233
010234
010235
010236
010237
010238
010241
010242
010243
060014
060015
060016
051826
051827
051828
051829
050327
050326
012657
012658
040442
040443
023101
023102
023103
023104
023634
023635
023636
023637
041581
013421
013422
013423
013424
031644
061162
061163
041653
061044
013731
013732
052268
060653
060652
060651
060645
060656
060655
060654
023425
050362
050363
050364
050365
050366
050361
041383
023423
023424
023427
023426
013125
013126
013127
013128
013741
013742
040386
040384
040385
040092
040093
040094
051793
052234
052235
052306
052307
052308
052309
012557
012558
023015
041068
041117
014136
014664
061523
061551
061552
014609
022874
022875
014665
040147
014654
014656
060609
014657
061526
061527
061528
014655
041084
014652
061773
010158
014658
014663
061531
014662
014661
014659
014637
061557
052835
042167
050798
013704
013705
013706
060815
060816
060811
060812
060813
060814
050126
050127
022455
022456
011061
011062
022453
022454
010486
010487
010491
010492
010493
010494
010495
010496
010497
010501
010502
010503
010504
010505
010506
010507
050591
050592
032023
032024
023833
023834
060635
041464
041461
041462
041463
041351
041352
060581
060582
060583
060584
020335
020336
020337
020338
010211
010212
011077
011078
013382
014325
052321
023713
021369
021365
021366
021367
021368
031664
031665
023461
023462
023463
023464
021587
021586
011961
011962
052371
024079
024075
024076
030581
030582
024077
024078
030583
030584
023341
023342
023343
023344
020801
020802
020803
020804
020805
020806
021021
021022
021023
021024
011431
011432
011433
011434
030555
023981
023982
030556
023983
023984
031451
031452
031453
031454
052183
052184
010801
010802
010803
010804
010805
010806
010807
051961
051962
051963
011609
051802
032577
040581
040582
040583
042076
031683
031684
031681
031682
061043
060481
050222
012217
012218
013135
013136
013137
013138
023121
023122
023123
023124
060482
041981
050858
051938
012092
012093
012094
012095
010024
060313
060314
011721
011722
011723
011724
051767
051768
051769
030865
030861
030862
030863
030864
051982
022931
060303
052015
060101
022652
022653
060361
060362
060363
060364
060365
060366
011421
011422
011423
011424
011425
011426
011427
011428
051084
051085
023654
062273
062274
010651
010652
060848
051413
051414
051415
051411
051412
032426
032427
032428
032429
032421
032422
032423
032424
032425
020314
011375
061683
041125
032573
032574
030085
061903
061904
061905
061906
022361
021763
021764
041282
040263
040264
040265
040266
010641
010642
010643
010644
041215
041214
041237
011803
011801
011802
012421
012422
012423
012424
020965
020966
020967
020968
040801
061568
061569
061561
061562
061563
061564
061565
061566
061567
014312
014313
062202
062203
062204
020688
020681
020682
020683
020684
020685
020686
020687
051967
023406
023407
023177
060555
040176
040174
040175
052622
020742
040268
013171
013172
013173
013174
013175
013176
013701
013702
013703
050566
032274
032291
032292
032293
032294
032295
032296
032301
032302
032303
032304
011451
011452
051846
040797
051935
051936
051937
051931
051932
051933
051934
041201
041202
041203
041204
031606
032852
011971
011972
011973
011974
011975
040164
040165
041256
041257
014105
014375
014376
032721
032722
032723
032724
032725
032975
030565
014031
031063
013051
013052
040156
050691
050692
050693
050694
050695
014024
013025
013026
013027
013028
014221
014222
014223
014224
014225
014013
012963
012964
012965
012966
062351
062352
062353
062354
060061
021403
021404
021405
021406
021407
021408
021409
021411
021412
021413
021414
021415
021401
021402
011725
011726
011727
011728
060854
023085
023086
014551
014552
014553
051555
051554
051205
051204
052252
051557
020191
020192
020193
020194
051221
051222
051223
051224
051225
051226
051736
023175
023176
022649
022648
050857
021814
060846
033035
033036
033037
033038
040246
012161
012162
011995
011996
061025
010177
010178
030719
041376
041377
010669
041384
012133
012134
011681
011682
011683
011684
011808
011835
011836
051198
012685
012686
051381
011391
011392
011393
030891
023991
023992
023993
023994
041762
041751
041752
041753
041754
041755
041756
041757
041758
041759
041761
050497
052312
060231
022881
022882
022883
022884
022885
022886
022887
050468
020694
020695
052563
052564
052565
052566
020665
020666
020667
020668
012735
012736
012737
012738
032401
032402
032403
032404
032405
040272
040273
040274
040275
041394
041395
041396
020796
050313
020195
020196
020197
020198
020199
040021
050891
050892
050893
050894
050895
050896
050897
050898
050899
050901
050902
050903
050904
050905
040022
040023
050906
050907
050908
050909
050911
050912
050913
050914
050915
050916
050917
050918
050919
014646
050571
033013
032787
061991
020351
020352
020353
020354
020355
020356
060768
060767
060322
031251
031252
011101
011102
022625
031669
010915
010916
012643
012644
012645
012646
041424
031827
031828
051349
033073
051384
052217
051845
061065
040335
051801
050387
011245
011246
040336
052178
022611
040361
040362
040363
040364
040365
040366
022383
022384
023135
023136
023137
023138
023139
040805
040806
013585
013586
060631
060632
014188
061201
061202
061203
061204
061205
061206
022861
022862
022863
022864
022865
022866
031064
020547
020548
020625
020626
033085
014264
032471
032472
032473
032474
023354
023355
023356
030456
013795
060109
050506
060118
050507
060119
020756
011615
011616
011617
011618
061913
031908
031909
031901
031902
031903
031904
031905
031906
031907
031911
031912
031913
031914
031915
031813
031814
031815
031801
031802
031803
031804
031805
031806
031807
031808
031809
031811
031812
023373
030883
023305
023306
023877
061761
061762
061763
061764
061765
061582
061583
061584
041651
041652
041801
041802
041803
040846
040847
041806
042174
050047
050048
052222
023465
023466
023467
023468
031771
031772
031773
031774
031775
031776
031777
031778
031779
031781
031782
031783
031784
031785
031786
031787
031788
031789
031791
031792
031793
051991
013758
021815
031726
031721
031722
031723
031724
031725
022996
022997
051039
013542
013543
013735
013736
042181
040757
022985
031258
060203
060204
013887
030015
030016
030017
050011
050012
050013
050014
050015
050016
030018
030019
050017
050018
050019
040121
040122
040123
040124
040125
040126
021121
021122
032109
041505
022013
022014
030684
030685
012445
012446
012447
012448
022306
014305
040921
040922
040923
040924
040925
040926
040927
040928
040929
040931
040932
040933
040934
060319
013075
013076
013077
013078
051755
061166
022851
010086
041538
041539
052503
023645
023646
023647
010152
052621
023621
023622
023623
023624
052361
042089
021675
021676
021677
021678
021679
050204
050205
050752
040332
013375
013376
030217
030218
021867
021868
013755
013756
060569
023271
023272
023273
023274
030954
030955
030956
032915
032916
032917
032918
031584
031585
013493
013494
022901
050386
041076
011772
011771
011773
011774
011775
052021
010371
010372
010373
010374
010375
061793
061791
061792
040309
051035
023964
023965
051081
051082
011348
050574
050575
050576
050577
022935
023985
030561
030562
023986
030563
030564
024107
024105
024106
041087
022671
022672
022673
022674
022675
022676
011933
011934
021051
010281
010282
020011
020012
020013
010283
010284
020014
020015
020016
020017
020481
020482
020483
020484
020485
020486
020487
020488
023283
020236
020237
061426
050218
060951
060952
060953
060954
060955
031663
022284
022285
041075
041071
041072
041073
041074
061207
061208
061209
033101
033102
033103
033104
033105
033106
032096
012167
012168
060775
012195
032704
032705
032706
032701
032702
032703
062396
051756
022685
052521
021236
021237
051096
051097
050176
032138
012256
012257
011257
011258
011259
013777
040422
014025
032952
024063
024064
042054
051335
051345
051346
051347
051348
033014
051515
052181
021961
021962
020522
020523
041231
021946
021947
021948
021949
013983
060551
060552
060553
060554
041375
050851
050852
050853
050854
031661
021692
021693
021694
021695
021696
021697
021698
021699
060623
052167
023853
011065
060531
060532
060533
060534
060535
060536
060537
030493
020721
020722
050032
040814
021371
021372
022925
013996
013555
013556
013557
013558
050847
052396
041982
041983
041984
041985
041986
050228
050229
061914
040851
012065
012061
012062
012063
012064
060878
050131
050132
050133
021895
021896
011231
011232
022932
030191
030192
051199
041467
032018
032019
051463
022191
060646
060647
060648
014306
060126
031147
041112
041111
012135
012136
020997
020998
051907
051908
051909
051891
051892
051893
051894
051895
051896
051897
051898
051899
051901
051902
051903
051904
051905
051906
012975
012976
012977
012978
013303
041372
041373
022618
022619
032771
012655
012656
011475
011476
011477
011478
061784
061785
061786
061781
061782
061783
051294
051295
051296
051297
060404
050848
060151
060152
060153
060154
060155
060156
060157
013593
033015
013751
013752
013551
013552
013553
013554
042025
042026
021981
021982
032812
052365
014617
051322
023805
023806
052364
051491
051504
023661
023662
051966
030243
060211
022988
012326
011158
011159
031494
023734
023735
023737
023738
023736
051757
062365
062366
062367
062368
062387
020473
020474
050025
010181
010182
010183
010184
010185
050026
010186
032041
032042
032043
032044
032045
030457
051351
022294
022661
022662
022663
022664
022665
022666
031217
041506
041049
013377
060628
041096
052824
051758
050788
050771
050772
050773
050774
050775
050776
050777
050778
050779
050781
050782
050783
050784
050785
050786
050787
030405
030406
033084
031851
041263
023455
023453
023454
041239
041238
041272
030353
041511
041512
041513
041514
041515
041516
041517
024026
062067
062068
062069
032032
052212
052211
041033
010974
010975
020797
023256
023491
023492
060826
011377
011378
011379
042124
021015
021016
011025
011026
022727
010993
010991
010992
050675
060106
060105
010478
023745
023746
040154
040155
011494
011495
011496
011497
023726
023727
023728
023729
030202
030203
030204
030205
030098
010217
010218
010219
030077
030078
030079
050523
050524
050525
050526
030193
013121
013122
013123
013124
040114
023743
023744
030818
010173
020981
020982
023998
023996
023997
062271
040091
012563
012564
012565
012566
010968
010963
010964
010965
010966
010967
021063
021064
030464
011511
011512
011513
011514
040436
040437
010297
061532
061533
061534
061535
061536
061537
061538
061539
061541
061542
061543
061544
023401
023402
023403
023404
021935
021936
030657
050181
050062
050063
031718
061427
023351
023352
023353
021114
021115
040115
020731
020732
020733
020734
020735
020736
020737
023431
023432
023433
023434
023435
023436
031187
013987
022973
022974
022975
022976
051595
041255
061212
031208
031207
041348
040588
040589
014155
011905
011906
010294
022761
022762
022763
022764
022765
022766
022767
022768
022769
032931
032774
010159
060467
050855
050856
012151
012152
012153
012154
014351
014352
014353
014354
041064
042113
032927
051496
010206
010207
030241
030242
021986
021987
010601
010602
010524
040969
010531
010532
040525
040521
040522
040523
040524
022631
022632
023388
060827
041387
030071
030072
030073
030074
030075
030076
022994
031065
014605
014606
013378
014314
030097
052409
021977
051331
051332
051333
051334
022159
011837
011838
041969
050262
032761
032762
032763
051772
014123
041808
041809
041692
041693
041691
013796
013797
013798
013799
013791
013792
013793
013794
012157
022335
052282
021831
021832
041507
041082
012301
012302
012303
012304
012305
012306
012307
061464
020468
062272
021963
021964
051116
023451
023452
021755
021756
021757
021758
050185
050186
050187
050188
050189
020777
020771
020772
020773
020774
020775
020776
052239
020991
020992
020993
020994
030931
030932
030933
030934
030935
030936
030937
030938
030939
030941
030942
012412
032773
062377
040267
040845
040841
040842
040843
040844
023071
023072
052514
032087
031066
030897
030896
022981
022982
022983
022984
061023
052034
010187
010188
050556
050557
050558
050559
041206
012089
052515
062331
062332
062333
062334
032539
031433
050761
040432
040433
040434
040435
052218
011877
041468
062171
062172
062173
062174
062175
062176
030081
030082
030083
030084
052207
021735
021736
052176
032707
032708
032709
013461
013462
013463
013464
013465
013466
023959
021429
052186
023835
023836
011481
011482
012073
012074
052104
052168
022348
041251
022541
022542
041951
041952
041953
041954
023884
013888
013901
031685
040736
031146
030211
030212
030213
030214
051561
013355
013356
052201
021978
020524
014373
014374
023335
030819
013351
013352
011786
050457
032813
052352
052353
011922
012243
012244
041115
051997
060765
042027
042028
023361
023362
023363
023364
023365
011398
011394
060766
040861
040862
040863
040864
040865
020312
012461
012462
012463
012464
012465
012466
012467
012468
041776
041777
041778
041779
062378
013341
013342
013331
013332
013333
013334
013335
013336
013337
013338
013339
030793
021416
062344
052272
021373
021374
041077
022365
013774
013775
061034
061482
061042
041696
041694
041695
023663
012811
012812
012813
012814
012815
012816
012817
032537
022642
022641
051244
022945
051708
061466
050271
050272
050273
050274
022739
052412
022972
040573
040574
040575
040576
052394
051291
052228
032055
032056
051357
051836
052243
012471
012472
012473
012474
012475
012476
012477
012478
052071
012173
012171
012172
040547
022959
020741
051078
051079
062293
032804
051825
011023
031646
031647
031648
012801
012802
012803
012804
012805
012806
012807
012808
052644
031101
011641
011642
011643
011644
014153
020964
031816
031817
031818
041228
030067
030068
030069
030063
030187
030188
030114
030115
030116
030117
040763
023797
023798
032384
032385
032386
032387
040595
014567
014568
040201
040202
040203
040204
040205
040206
040207
040208
040211
040212
040213
040214
040215
040216
040217
040218
040219
040221
040222
040223
014281
014282
014283
014284
014285
014286
014291
014292
014293
014294
014295
022186
052293
051731
051732
011385
041225
052663
013235
013236
040311
040312
040313
040314
040315
040316
040317
052659
052647
023863
010156
010157
022635
022636
033047
012235
012236
012681
012682
040704
040705
040706
040707
042041
042042
042043
042044
042045
042046
042047
023751
023752
023753
023754
020316
011447
011448
030713
011736
020121
020122
020123
020124
020125
020126
020127
020131
020132
020133
011737
020141
020142
020143
020144
020145
020146
020147
020148
020149
020151
020152
020153
020154
020155
020161
020162
020163
020164
020165
032308
032309
050332
050331
052557
052558
031067
021683
021684
021685
021686
021687
021688
021689
030591
051356
052767
010124
010101
010102
010103
010104
010105
010106
010107
010108
010109
010111
010112
010113
010114
010115
010116
010117
010118
010119
010121
010122
010123
031861
031873
022275
022271
022272
022273
022274
023843
011349
051498
040996
041341
052356
013275
013276
013831
013832
051212
051211
051795
061352
061353
061354
061355
061356
061357
061358
061359
061361
061362
061363
061364
061365
061366
061367
061368
061369
061371
061372
061373
061374
061375
061376
061377
061378
061381
061382
061383
061384
061385
061386
061387
061388
061389
061391
061392
061393
061394
061395
061396
061397
061398
061401
061402
061403
061404
061405
061406
061407
061408
061409
061411
061412
061413
061414
061415
060369
050351
010351
010352
010353
010354
010355
041501
041502
050184
051245
052504
041209
021418
014634
031526
023616
033045
031467
030411
030412
030413
030414
052637
031524
040297
040298
014126
051125
023826
051489
051017
023641
023642
023643
023644
021937
021938
052202
040423
040424
040781
051298
023077
052105
052527
052525
052526
062194
062195
040831
040832
040833
040834
040835
021791
031882
061681
061682
051484
051417
040722
040723
040724
040725
051416
062063
062051
062052
062053
062054
062055
062056
062057
062058
062059
062061
062062
051321
060771
023699
012123
012124
041661
022999
013261
013262
032967
042098
032368
041092
051385
011931
011932
032541
014034
023587
023588
023589
023575
023571
023572
023573
023574
023581
023582
023583
023584
023585
023586
051581
051391
051392
051393
051394
051395
051396
051397
051398
021469
021465
021466
021467
021468
012411
052208
014368
014369
062361
062362
062363
062364
023286
023287
051887
051883
051884
051885
051886
052585
010386
010381
010382
010383
010384
010385
010795
010791
010792
010793
010794
041114
041113
032103
050555
030915
030916
022745
022746
060208
060209
050496
031442
010973
010971
010972
050171
050172
023471
023472
023473
023474
050674
041771
041772
041773
041774
041775
050163
021026
022577
022578
022575
022576
011911
011912
011913
011914
011901
011902
011903
011904
032801
032802
032803
022933
032137
052624
052825
062338
061301
061302
061303
061304
061305
061306
061307
061308
061309
061311
061312
061313
061314
061315
061316
061317
061318
061319
061321
061322
061323
061324
061325
061326
061327
061328
061329
061331
061332
061333
061334
061947
061948
061949
061951
061952
012413
012414
012415
012416
061171
061172
061173
061174
061175
061176
061177
061178
024081
024082
040758
030403
030404
032966
040341
040342
040343
040344
040345
040346
040347
040348
040349
040351
040352
040353
014307
052653
052652
060776
013714
013715
011827
040136
030494
011131
011132
011133
011134
011135
011136
011137
011138
011141
011142
011143
011144
011145
011146
040166
020701
020702
020703
020704
020705
020711
020712
020713
020714
020715
020716
051425
052505
051791
014151
052016
040383
040381
040382
011765
011766
061649
011945
011946
011947
011948
052581
050595
050596
010441
052532
042144
042141
042142
042143
031921
031922
031923
031924
022551
022552
031441
030111
030112
030113
051503
051761
051762
051763
020763
051201
051202
051203
052375
052376
062072
062073
062074
062064
062065
062066
060774
050346
050341
050342
050343
050344
050345
022565
022566
014569
061487
021806
052417
040785
030577
030571
030572
030573
024041
024042
024043
030574
030575
030576
024044
024045
024046
012081
012082
032871
032872
032873
032874
010796
010797
010798
010799
032321
032322
032323
032324
052286
050173
030654
060947
042112
042111
021211
021212
062189
040377
040378
040371
040372
040373
040374
040375
040376
013513
013514
010149
013985
030698
030401
030402
023827
012451
012452
012453
012454
012455
012456
012457
012458
051113
041566
052279
052273
052274
052275
052276
052277
052278
031672
031862
012141
012142
012143
012144
031495
013111
013112
013113
013114
013115
013116
011411
052528
030381
030382
031925
031926
032444
032441
032442
032443
022555
022556
011655
011656
011657
011658
030358
052427
062379
033075
052413
050317
023493
023494
051881
041971
041972
041973
023087
020525
020526
020527
020528
041051
052323
052324
052325
052326
052327
052328
040333
020172
020173
050265
050263
050264
011321
011322
011323
011324
011325
011326
011331
011332
011333
011334
011335
011336
011337
012016
022686
022687
041205
021146
023747
023748
050467
031068
020343
020344
041701
041702
041703
041704
041705
041706
041707
041708
041711
041712
041713
013243
013244
012155
012156
022899
030881
030882
052192
052193
052194
052195
052196
052197
052198
052199
022731
022732
022733
022734
052083
023831
023832
021555
023881
051759
052598
032053
032054
050475
050846
031666
031667
014481
011085
011086
040886
040887
040888
051994
021521
021522
021523
021524
021525
021526
021527
021528
022711
022712
022713
022714
020717
060233
050266
023844
031561
061598
061599
061594
061595
061596
061597
012165
012166
014276
032107
050539
020291
020292
020293
020294
020295
020296
020301
020302
020303
020304
020305
031611
031612
031613
031614
031615
052524
041717
040761
040937
040938
040939
040936
041017
041018
041011
041012
041013
041014
041015
041016
042097
041091
041371
022928
052281
051771
014113
052204
051383
050382
041222
040101
040102
040103
030821
030822
030823
030824
030825
030826
030827
030828
030829
030831
030832
040104
040105
040106
040107
030833
030834
030835
030836
030837
030119
030121
030122
030123
030124
030125
030126
030127
030128
030131
030132
030133
030134
030135
030136
030137
030138
040031
040032
040033
040034
040035
040036
040037
040038
040039
040041
040042
040043
031421
031422
031423
031424
031425
030014
010465
052651
050827
050821
050822
050823
050824
050825
050826
041244
050688
050833
020176
011603
011604
050681
052763
062384
010666
020631
020632
041525
041526
011443
011444
011445
011446
040966
040967
040968
050233
050234
023293
060931
060932
060933
060934
060935
060936
060937
060938
060939
060941
060942
060943
060944
060945
060946
032814
013105
013106
013107
013108
022331
051737
014033
051738
060849
014315
061151
021119
030683
030681
030682
051583
051582
061931
061932
061933
061934
061935
061936
061986
062011
062012
061927
061928
032331
032332
032333
032334
032335
061511
061512
061513
061514
061515
061731
061732
061721
061722
061723
061724
061725
061726
061727
061728
061729
062251
061024
061983
062201
061982
061981
051446
061574
061575
061576
061985
051094
061961
061962
061963
061964
061965
061966
061967
022915
061984
061756
061751
061752
061753
061754
061755
061509
061501
061502
061503
061504
061505
061506
061507
061508
060877
060585
022922
022923
011271
011272
033048
014356
023749
061971
061972
061973
061974
061975
061976
061977
051599
061611
061612
061613
061737
061738
061733
061734
061735
061736
032575
061915
061916
061555
061556
061483
051497
061993
061055
062017
062018
012703
012704
014483
030892
021141
060217
022816
011063
011064
014555
011806
011807
021256
021253
021254
021255
061341
061342
061343
061344
061345
061346
042051
042052
042053
040184
021375
021376
040811
040812
051323
051324
051325
051326
022993
041655
041656
041657
041658
021911
021912
021913
021914
021915
021916
021917
021918
021919
020271
020272
020273
020274
020275
020276
020281
020282
020283
020284
020285
013931
040157
031011
031012
031013
040051
040052
040053
040054
040055
031014
031015
031016
040056
040057
040058
040059
040061
040062
040063
040064
040065
040066
040067
040068
040069
040071
040072
013787
031879
031878
021969
051358
012721
012722
012723
012724
051448
013986
031267
032579
013309
051033
051034
060471
060472
060473
060474
060475
060476
032881
032882
032883
032884
032885
032886
052462
052463
052464
052465
050135
050136
050137
012262
031866
042164
032388
013131
013132
013133
013134
014124
032415
060245
060879
031583
011157
051471
051472
030384
052084
042029
061211
011923
023255
022964
022965
020761
020762
011834
051459
013575
013576
013577
013578
011156
030886
020257
020258
022412
022413
022414
022415
022416
022441
022442
022443
022444
022445
022446
022447
022448
031471
050321
050322
020723
021065
010311
010312
020023
010313
010314
020024
023276
040301
052166
052164
052165
010921
010922
010923
010924
012651
012652
012653
012654
041261
014326
060921
060922
060923
060924
013085
013086
022307
011635
011636
011637
011638
051929
051925
051926
051927
051928
050584
041226
061194
061195
061196
030021
030022
030023
030024
010061
010062
010063
010064
010065
010066
010067
010068
010069
010071
010072
010073
010074
030025
030026
030027
030028
010081
010082
010083
010084
010085
010091
010092
010093
010094
010095
010096
010097
010098
010099
010023
011791
023787
023788
023789
060468
021556
051594
061428
020641
020642
020643
020644
061219
050128
050129
050367
050368
050369
050162
050151
050152
050153
050154
050155
050156
050157
050158
050159
050161
010636
010637
020619
020601
020602
020603
020604
020605
020606
020607
020608
020609
020611
020612
020613
020614
020615
020616
020617
020618
050672
062206
062205
030029
030794
061495
031527
040425
040426
040427
040428
040429
010881
010882
010883
010884
031069
060781
060782
060783
060784
060785
060786
060787
010421
010422
010423
010424
062386
052078
061066
040396
040391
040392
040393
040394
040395
014393
032987
032986
024093
024091
024092
052466
052467
052468
052469
031281
031282
031283
031284
031285
031286
031287
031288
031289
031291
031292
031293
031294
031295
031296
031297
031298
031299
031301
042121
042122
042123
040334
021921
031525
032311
032312
050671
014563
014564
060205
031192
031193
031194
031195
031196
031197
022411
031302
031303
031304
031305
031306
050336
050881
050882
050883
050884
052779
023498
031021
031022
031023
020091
020092
020093
020094
020095
020096
020097
020098
020099
031249
031241
031242
031243
031244
031245
031246
031247
031248
051566
052492
061671
061672
061673
061674
041491
041492
041493
041494
011251
011252
011253
032273
032271
032272
061745
061746
052414
040889
031236
041941
041942
041943
041944
031876
031095
031096
030885
052833
032965
052045
031316
012183
012184
041232
020357
014597
014598
013856
013857
062388
030873
031551
031552
031553
031554
050372
010146
012267
012268
023821
052051
031865
020955
020956
040247
031427
031428
031429
051701
051702
023284
023285
010811
010812
010813
010814
010815
010816
010817
010818
010819
010821
010822
010823
010824
010825
010826
041987
062199
040798
040799
051473
041469
030851
030852
030853
030854
030855
030856
030857
030858
042126
011792
011793
011794
011795
011796
030874
010905
010901
010902
010903
010904
040546
010471
010472
010473
014274
011314
011311
011312
011313
021997
021998
041939
011283
011284
022637
022638
023416
060214
010151
022394
022395
022391
022392
022393
023781
023782
023783
023784
022537
022538
023867
052351
022553
022554
011811
011812
060246
060247
060248
060249
011372
040854
030091
021691
032851
030815
050235
050236
050237
050238
014261
014262
060206
041048
013993
041283
050461
042107
041718
032731
052482
052483
052484
052485
060608
040438
060451
060452
060453
060454
060455
060456
030594
030595
052613
024061
024062
024035
024036
040791
013984
032275
014398
030893
052229
052611
052612
041083
051765
023325
023321
023322
023323
023324
021203
021204
021671
021672
021673
021674
012226
052631
052257
032905
060777
031261
031262
031263
031264
041088
021505
021506
040995
041107
021238
011845
011846
011847
061184
061185
052033
012053
012054
012055
012056
040784
052495
052496
052497
052498
041045
011534
011535
011536
011537
023277
062048
062049